0.151707
0.148647
0.146039
0.145634
0.147063
0.153718
0.147504
0.144189
0.144708
0.144150
0.144636
0.144152
0.144280
0.143805
0.144403
0.143737
0.146277
0.143895
0.144800
0.143998
0.149062
0.143489
0.144131
0.143793
0.144119
0.143384
0.144413
0.143837
0.144500
0.143990
0.144498
0.143700
0.144623
0.144142
0.144875
0.144669
0.145025
0.144385
0.147427
0.144150
0.142539
0.142916
0.143536
0.149543
0.143751
0.142253
0.143203
0.146659
0.145808
0.142220
0.143247
0.142368
0.143131
0.143033
0.143041
0.143365
0.143482
0.143444
0.144062
0.143182
0.151897
0.151773
0.144237
0.143440
0.143527
0.143533
0.144337
0.143769
0.144157
0.143659
0.146513
0.144728
0.144632
0.144003
0.145134
0.148361
0.143376
0.143014
0.142886
0.143275
0.145294
0.142993
0.142970
0.142651
0.143045
0.142653
0.143993
0.143158
0.142997
0.143632
0.143985
0.143789
0.143559
0.144040
0.144255
0.144448
0.143953
0.144234
0.149850
0.145162
0.144163
0.143773
0.150032
0.145191
0.144195
0.144414
0.144180
0.144399
0.144508
0.144586
0.144854
0.144695
0.147338
0.144966
0.144764
0.144570
0.144737
0.151406
0.143527
0.143333
0.142996
0.143245
0.143677
0.142690
0.143633
0.142470
0.143223
0.143029
0.143388
0.144998
0.149023
0.143461
0.143851
0.143291
0.146315
0.143666
0.144287
0.143544
0.144271
0.143416
0.144406
0.143574
0.144583
0.144113
0.146228
0.143967
0.144783
0.144065
0.144284
0.143622
0.144704
0.144265
0.144631
0.144532
0.145424
0.144402
0.144367
0.146556
0.143549
0.142962
0.143215
0.142906
0.143303
0.142634
0.142940
0.142847
0.145231
0.143687
0.144060
0.143398
0.143772
0.143315
0.143848
0.151551
0.143957
0.143643
0.146154
0.143799
0.144394
0.143861
0.144231
0.143909
0.144299
0.144260
0.144404
0.148094
0.145552
0.144245
0.144392
0.144199
0.144600
0.144242
0.144608
0.143409
0.143467
0.142854
0.143043
0.142873
0.145453
0.143836
0.143755
0.145378
0.143711
0.143428
0.143715
0.143504
0.143925
0.149632
0.146995
0.144165
0.144309
0.143608
0.147430
0.144480
0.144349
0.144177
0.143936
0.144186
0.144885
0.144191
0.144431
0.144309
0.144960
0.145386
0.143762
0.143012
0.143229
0.143098
0.143202
0.150937
0.145413
0.144046
0.143565
0.143514
0.143704
0.143323
0.143483
0.148824
0.144210
0.143791
0.152090
0.144032
0.144268
0.143705
0.144009
0.143711
0.144407
0.144050
0.144195
0.144346
0.145754
0.143951
0.144414
0.144027
0.144509
0.143761
0.144832
0.145873
0.143749
0.142594
0.143153
0.143276
0.145806
0.143605
0.143301
0.142887
0.143414
0.146614
0.144503
0.142841
0.144311
0.143303
0.146220
0.143504
0.144743
0.145928
0.144497
0.143750
0.144068
0.143763
0.143952
0.143419
0.144606
0.143441
0.144402
0.151320
0.144343
0.143801
0.144264
0.144007
0.144507
0.144406
0.143933
0.142680
0.145260
0.147124
0.143263
0.142371
0.142907
0.142183
0.142806
0.142963
0.143106
0.142457
0.145164
0.142785
0.143291
0.142143
0.143079
0.142675
0.143212
0.142658
0.143331
0.143036
0.144106
0.142891
0.143456
0.142844
0.143704
0.143233
0.143348
0.142960
0.143860
0.147185
0.144137
0.143691
0.146857
0.143299
0.142975
0.142363
0.142992
0.142204
0.143465
0.142192
0.143133
0.142864
0.145201
0.142909
0.143438
0.142807
0.143373
0.150035
0.143514
0.142933
0.143450
0.142772
0.143896
0.143158
0.144113
0.145128
0.152029
0.143623
0.143914
0.143231
0.143964
0.143059
0.143189
0.143382
0.146450
0.143495
0.143016
0.142760
0.143820
0.142890
0.144035
0.142186
0.143531
0.143018
0.145634
0.142792
0.143725
0.149036
0.144145
0.142692
0.143089
0.142461
0.142996
0.142388
0.193177
0.144223
0.150220
0.148811
0.154740
0.147872
0.153741
0.148288
0.144119
0.143948
0.143338
0.143852
0.145978
0.144171
0.143414
0.143488
0.143549
0.143579
0.143681
0.145788
0.143978
0.143663
0.143499
0.143845
0.144451
0.143473
0.143509
0.147833
0.143417
0.143755
0.142997
0.143393
0.143416
0.143551
0.143106
0.143438
0.144226
0.143856
0.143388
0.143681
0.143814
0.143958
0.145328
0.143666
0.145464
0.143829
0.143365
0.143866
0.144173
0.143466
0.144443
0.142971
0.142961
0.142757
0.147201
0.142553
0.142992
0.142160
0.142912
0.142717
0.143473
0.142853
0.143368
0.142513
0.143456
0.142828
0.143235
0.142557
0.143417
0.142814
0.143422
0.143217
0.143885
0.142874
0.143918
0.143025
0.145587
0.143106
0.143631
0.143077
0.144548
0.143988
0.146777
0.142414
0.142604
0.142568
0.142514
0.142093
0.142763
0.142291
0.143179
0.142229
0.142909
0.142689
0.143147
0.142452
0.143210
0.142362
0.147346
0.142975
0.143493
0.142798
0.143134
0.142776
0.143680
0.143019
0.143634
0.151516
0.144830
0.143671
0.147475
0.145024
0.143862
0.144190
0.143304
0.142590
0.142867
0.142296
0.143570
0.142405
0.143213
0.142440
0.143257
0.142649
0.143404
0.146405
0.143232
0.143368
0.143496
0.142890
0.143505
0.142904
0.143865
0.143223
0.143607
0.144747
0.143785
0.146970
0.143655
0.143301
0.145392
0.143691
0.143696
0.146173
0.143713
0.142847
0.143644
0.143014
0.143611
0.143144
0.143121
0.143220
0.143592
0.143269
0.143601
0.143152
0.143752
0.149225
0.143771
0.142955
0.143782
0.143114
0.143724
0.150792
0.144096
0.147686
0.143014
0.142317
0.142744
0.142547
0.142964
0.142347
0.144838
0.142664
0.142721
0.144762
0.143479
0.143470
0.143091
0.143468
0.143337
0.143035
0.143452
0.143070
0.143964
0.143622
0.145556
0.142777
0.143503
0.143798
0.143777
0.143311
0.143802
0.147207
0.143799
0.143406
0.143975
0.143165
0.143589
0.143670
0.145304
0.143188
0.142745
0.142889
0.145052
0.142973
0.142925
0.144717
0.143211
0.143425
0.143800
0.142454
0.143248
0.143199
0.143443
0.143184
0.143269
0.143055
0.143345
0.150840
0.160008
0.144754
0.143453
0.143844
0.144288
0.143508
0.143449
0.143710
0.143849
0.143523
0.147935
0.144331
0.144618
0.144158
0.143788
0.143539
0.145718
0.144085
0.143832
0.150631
0.146455
0.145638
0.145898
0.145241
0.145215
0.145419
0.144870
0.144881
0.152460
0.145272
0.144398
0.144384
0.144109
0.144430
0.144374
0.144397
0.144560
0.144010
0.143993
0.145747
0.143639
0.143585
0.143525
0.145609
0.143882
0.143628
0.143489
0.143565
0.147152
0.145435
0.143620
0.146145
0.143977
0.143883
0.151459
0.672566
0.150535
0.144521
0.144056
0.143948
0.143987
0.143527
0.144620
0.143524
0.143843
0.143529
0.143470
0.143638
0.144351
0.143713
0.143881
0.143713
0.144822
0.144294
0.143726
0.143832
0.144213
0.144153
0.143852
0.149003
0.146267
0.144686
0.143954
0.144314
0.144069
0.143897
0.143949
0.143956
0.149412
0.144073
0.143840
0.144204
0.144085
0.144353
0.144258
0.144751
0.144284
0.144212
0.143714
0.143925
0.144352
0.149752
0.144336
0.143744
0.143936
0.144970
0.294795
0.145983
0.144200
0.143964
0.148653
0.144083
0.148484
0.143743
0.143278
0.143678
0.143713
0.143575
0.143323
0.143377
0.143625
0.144102
0.143565
0.143970
0.143907
0.144059
0.143654
0.143628
0.143754
0.144140
0.143784
0.143710
0.143496
0.147546
0.144100
0.143917
0.143652
0.143523
0.143788
0.143722
0.143862
0.144115
0.143779
0.144169
0.146593
0.144494
0.142963
0.143167
0.142915
0.143325
0.142922
0.143008
0.143213
0.143371
0.143533
0.143559
0.142975
0.143278
0.143843
0.143440
0.160383
0.144394
0.143439
0.144047
0.143001
0.143866
0.143000
0.143803
0.142728
0.143417
0.142587
0.146092
0.143048
0.143803
0.143293
0.143503
0.145292
0.144507
0.142713
0.143477
0.142555
0.143563
0.142906
0.143435
0.144192
0.143420
0.142502
0.143617
0.146460
0.143586
0.142530
0.143523
0.142624
0.143522
0.142327
0.143933
0.142731
0.143803
0.142884
0.143499
0.143052
0.143604
0.142855
0.144183
0.142952
0.143940
0.143263
0.143964
0.145055
0.144608
0.142897
0.143923
0.143207
0.143690
0.143447
0.143577
0.154382
0.144307
0.142761
0.143988
0.143078
0.143981
0.143180
0.144308
0.143032
0.145110
0.147607
0.144694
0.143218
0.144315
0.143443
0.144328
0.143457
0.144559
0.142402
0.143445
0.142121
0.142985
0.142238
0.143118
0.144585
0.143753
0.142870
0.149961
0.143038
0.143981
0.142811
0.143896
0.143126
0.144227
0.143390
0.143783
0.142586
0.143317
0.143045
0.144114
0.143038
0.145814
0.142761
0.144170
0.142872
0.143439
0.142385
0.143301
0.148201
0.143958
0.142820
0.143883
0.142756
0.143372
0.143026
0.177199
0.145601
0.144360
0.142423
0.143503
0.142431
0.143328
0.142688
0.143417
0.142207
0.143435
0.142409
0.143946
0.142891
0.143091
0.142785
0.143372
0.142852
0.143435
0.142602
0.143877
0.142632
0.143567
0.142695
0.143815
0.143099
0.148155
0.146990
0.146274
0.142757
0.143826
0.142877
0.143544
0.145000
0.144393
0.142724
0.144867
0.142977
0.143976
0.143060
0.144567
0.142752
0.142985
0.142085
0.143370
0.142321
0.142854
0.142382
0.143218
0.142199
0.143060
0.141862
0.143107
0.142199
0.143452
0.211502
0.144106
0.143700
0.145754
0.143223
0.144093
0.143102
0.143804
0.142814
0.143264
0.145006
0.143897
0.142660
0.144370
0.142999
0.144104
0.142746
0.143993
0.142910
0.143652
0.142972
0.143959
0.143305
0.143774
0.143053
0.143307
0.142768
0.147559
0.142897
0.144392
0.142729
0.143215
0.142765
0.143237
0.143203
0.143348
0.142791
0.143512
0.142448
0.143156
0.142261
0.142981
0.144479
0.144348
0.142389
0.143723
0.142594
0.143297
0.142576
0.142915
0.142605
0.143553
0.142738
0.143455
0.142655
0.161074
0.143217
0.143343
0.142812
0.143913
0.142897
0.143745
0.142839
0.144312
0.143049
0.143586
0.142993
0.143914
0.142944
0.143633
0.142541
0.142897
0.142653
0.143028
0.144375
0.146597
