500.354302
501.006477
501.848369
501.657788
500.598760
500.451136
500.714081
501.911149
501.712533
501.216412
500.907373
500.446226
502.202049
502.109067
501.731690
500.109440
500.860881
502.261483
501.657684
501.977717
499.862118
500.153216
501.608892
501.997564
501.425571
500.376812
501.138703
500.901451
502.326834
501.744788
500.151497
500.644717
500.814624
502.209012
501.871652
501.509638
500.346301
500.875777
502.822102
501.840618
501.622310
500.492064
500.373988
502.768730
501.999974
501.702823
500.552192
500.477856
500.775496
502.020623
501.486460
500.228846
500.626019
500.487228
502.122875
501.704836
501.670072
500.683248
500.527474
502.352656
501.699233
501.649293
500.470411
500.769097
502.705186
502.087631
501.840511
500.184835
500.567629
500.827398
502.223427
501.648423
500.436749
500.269358
500.497438
501.575870
501.866022
500.278765
500.823880
500.526441
502.195655
501.867888
501.493819
500.308801
500.517304
502.522512
501.882428
501.529434
500.580455
500.683332
501.120088
501.954419
501.987801
501.062278
500.250409
500.482466
502.091981
501.626844
500.508550
500.710690
500.765749
501.820642
501.890633
501.688249
500.740048
500.269190
501.961633
501.591275
501.892237
500.520293
500.712009
502.657188
501.731083
501.877696
500.452012
500.363080
501.351169
501.944239
502.011078
500.883732
500.395687
500.983405
502.289467
501.664656
500.394895
500.232462
500.293174
501.801964
501.582168
501.366062
500.480067
500.550590
502.554956
501.995537
501.471708
500.598824
500.168188
502.518368
501.620203
501.715596
500.192525
500.510077
500.680365
501.984041
502.181445
500.442832
502.425169
500.354766
502.157019
501.859719
501.479814
500.757795
500.319583
502.364158
501.800910
501.702855
500.362505
500.681984
502.306102
502.275162
501.777626
500.173876
500.501590
500.608303
501.816255
501.587982
500.427200
500.443736
500.417176
502.204644
501.734182
500.451980
500.733881
500.338910
501.852464
502.056773
501.634418
500.485740
500.277562
502.308943
501.818068
501.759697
500.414445
500.370120
501.543705
501.937221
501.736367
500.235135
500.413087
500.793530
502.160157
501.410059
500.190389
500.489591
501.014528
501.852216
501.861641
501.488816
500.438577
500.446575
502.067638
502.156894
501.955760
500.360058
500.088621
502.566914
501.955163
501.897417
500.413031
500.064452
501.250657
502.197266
501.796214
500.182687
500.166828
500.441112
502.134263
501.340147
500.064076
500.310510
500.665026
501.807646
502.181473
501.093498
500.357572
500.683965
502.464048
501.578364
501.924415
500.285753
500.299404
502.534560
502.190008
502.065128
500.666036
500.507934
500.321220
501.809987
501.991965
500.417679
500.428580
500.198786
501.835248
502.169291
501.538262
500.204627
500.373286
501.720514
501.853930
501.571318
500.304118
500.626443
502.336299
501.667178
501.624536
500.257003
500.520935
501.420397
501.825158
501.762737
500.437072
500.297863
500.944929
501.575591
501.737213
500.479008
500.064356
500.309199
502.530419
502.133299
501.459274
500.039640
500.291872
502.470556
502.121839
501.576898
500.552440
500.268353
502.677833
501.901452
501.472025
501.035438
500.243895
500.462729
502.332066
501.957255
500.665633
500.168626
500.313823
501.839651
501.921119
501.602753
500.676927
500.654098
501.934892
501.569196
502.494767
500.578305
500.355911
502.516479
502.136031
501.761916
500.637297
500.209620
501.420585
502.286772
501.908967
500.392515
500.583798
500.584104
501.906362
501.646926
500.065795
500.798838
500.242675
501.996218
501.909901
501.443593
500.374171
501.276342
502.583080
501.770083
501.792374
500.138233
500.695020
501.543559
501.837630
501.711121
500.387755
500.660422
500.485302
502.087177
501.500921
500.098778
500.482989
500.303248
502.348367
502.167562
501.431506
500.236262
500.446502
502.424592
502.013829
501.977730
500.727102
500.602678
502.407612
501.924646
501.548176
500.613053
500.442517
501.008987
502.363055
501.913684
500.576358
500.254934
500.584006
502.152480
501.650016
500.179093
500.146253
500.351941
502.001898
502.002088
501.539632
500.490386
500.531741
504.355292
501.795958
501.549213
499.913133
500.716047
501.497723
501.910683
501.568593
500.210232
500.492938
500.657374
502.131686
501.732213
500.615927
500.422007
500.734950
502.078816
502.025785
501.414316
500.775971
500.233200
502.239206
501.406268
502.070182
500.612926
500.766243
502.537095
502.207289
501.956611
500.554819
500.082828
501.307952
502.328482
501.874348
500.334931
500.694968
500.446597
501.953616
501.655845
500.704289
500.538281
500.884174
502.182235
501.876538
501.615077
500.488459
500.304606
502.753545
502.000815
501.965636
500.339536
500.550533
501.377045
502.231834
501.795020
500.471544
500.423243
500.575222
501.959854
501.714022
500.661072
500.563508
499.969679
502.038060
501.729436
501.745770
500.186866
508.571841
502.794387
503.100807
501.465128
500.489123
500.393329
502.601879
501.973095
501.902312
500.288090
500.702949
500.706113
502.182521
501.642128
500.742954
500.281587
500.864905
501.721296
502.052780
500.287473
500.430533
500.172315
502.086333
501.546777
501.706628
500.465450
500.474164
502.475543
502.100640
501.848482
500.900440
500.532336
501.230784
501.737910
501.923551
500.247656
500.693328
500.909976
501.914250
501.387452
500.517051
500.479625
500.545491
501.648622
501.622449
501.230235
500.435476
500.306073
501.964226
501.827810
501.933423
499.934418
500.615764
502.193823
502.172094
501.382323
500.208793
500.470825
500.836540
501.520566
501.899389
500.486765
500.190799
500.256641
502.096079
501.798215
501.270243
500.151129
500.334228
502.135997
501.739707
501.536916
500.806090
500.322882
502.359984
501.733028
501.958329
500.443546
500.510257
501.311727
502.255988
501.547659
500.557265
499.880798
500.954217
502.104808
501.919271
500.274609
500.548948
500.664387
502.351568
501.741156
501.400397
500.293844
500.559620
501.845033
503.451404
504.884844
500.162085
499.955543
502.027274
501.701847
501.460721
499.993440
500.112759
500.384270
502.215414
501.302024
500.045491
499.919513
500.309815
501.453238
501.498487
500.713479
500.472771
499.978773
501.463985
501.585488
501.398021
499.749567
500.243483
502.098473
501.750396
501.257759
500.198057
499.763168
500.869045
501.375472
501.457797
500.066484
500.041245
500.139185
501.537089
501.268446
500.107301
499.957142
500.054977
501.362060
501.522931
500.831731
500.031280
499.662245
501.565503
501.307050
501.499659
499.960209
500.157238
501.644993
501.736866
501.221720
500.070614
499.809916
500.594715
501.319997
502.584953
500.109568
499.981099
500.103181
501.659272
501.320877
500.132350
499.914024
500.116284
501.863778
501.621250
501.651096
500.677261
500.796890
502.661745
501.819535
502.153378
500.574135
500.614165
501.733793
501.705703
501.560616
500.528338
500.379172
500.904954
502.108496
501.811575
500.247367
500.538895
500.716711
502.015512
501.950363
501.538044
500.705993
500.825725
502.068059
502.102146
501.402093
500.280375
500.549332
502.430607
501.855306
502.008518
500.625229
500.623693
501.036095
502.013388
501.895914
500.475621
500.470762
500.328689
501.972369
501.921464
500.365776
500.446193
500.273822
501.843650
501.779574
501.682298
500.412964
500.606772
502.615165
502.113443
501.764598
500.262136
500.148740
501.451529
501.892186
501.592082
500.404412
500.503127
500.559709
502.512889
501.793469
500.154236
500.501934
500.304062
501.735287
502.007592
501.491261
500.664648
500.483955
502.457242
502.028056
501.526260
500.733470
500.193371
502.804559
502.116023
501.405082
500.723219
500.512232
500.722006
501.660296
501.848788
500.456762
500.384260
500.396563
501.798481
501.708155
500.388817
500.339339
500.365610
502.108835
501.666871
501.481166
500.517424
500.614189
502.537714
501.932389
501.652889
500.359140
500.679538
501.589966
501.965840
501.596802
500.204339
500.492541
500.495985
502.123171
501.690179
500.238563
500.374070
500.443432
502.066874
501.971432
501.791081
500.391358
500.190850
502.913910
501.980328
501.558217
500.384828
500.341345
502.232762
501.948462
501.619882
500.531608
500.295725
500.598188
501.886377
501.694265
500.707054
500.256657
500.604367
501.912542
501.468386
501.389229
500.428403
500.537795
501.771509
501.928903
501.753380
500.127143
500.541050
502.772933
501.860463
501.715212
500.355770
500.521579
501.716365
501.803105
501.756800
500.669164
500.361096
500.219893
507.919606
501.731374
500.248400
500.663839
500.887144
502.117529
501.776921
501.564623
500.788793
500.063940
502.852311
501.951603
501.579778
500.638183
501.091389
501.369529
502.178071
502.066852
500.598762
500.648273
500.411051
502.291608
502.016442
500.476304
500.763412
500.845288
501.836350
502.581653
501.688382
500.678912
500.494023
502.517310
502.168349
501.613616
500.509960
500.690232
502.597950
502.129824
501.810134
500.306996
500.716189
500.933511
502.559457
501.677661
500.820135
500.596872
500.505290
502.339634
502.039766
501.969680
500.472125
500.311228
501.893920
502.280169
501.481309
503.874307
501.143516
502.561288
501.680819
501.824845
500.414429
500.710880
501.016435
501.786843
501.834403
500.509507
500.431041
500.506402
502.115595
502.325073
500.723269
500.683035
500.750826
501.995075
502.063383
501.343726
500.560125
500.188564
502.551981
501.929579
501.989024
500.305386
500.319676
502.654211
502.072733
501.579482
500.466172
500.502831
500.559127
502.057791
501.485113
500.487162
500.038520
500.500238
501.815572
502.054137
501.608310
500.190958
500.215299
502.043849
501.666956
501.782371
500.518962
500.178231
502.189233
501.609361
501.810061
500.116442
500.112837
501.218285
501.590809
502.033540
500.119423
500.666566
500.467307
501.850361
501.931939
499.965771
500.734155
500.671521
502.073047
501.821221
501.913956
500.677376
500.453538
502.618040
502.157891
502.073778
500.963481
501.007678
501.132733
502.064455
502.010713
500.581202
500.002814
501.050326
501.888018
501.736351
500.360947
500.493051
500.325492
501.800367
501.373099
501.527849
500.232138
500.423919
502.460028
502.162966
501.554765
500.346723
500.150948
501.571726
501.931939
501.556448
500.542193
500.362373
501.027538
502.036678
501.929360
500.373898
500.417147
500.518855
501.971617
501.990908
501.355823
500.611628
500.217175
502.310612
502.024209
501.964424
500.779297
500.486051
502.689252
502.040230
501.931548
501.057834
500.424011
501.116326
501.785631
502.256381
500.191279
500.252068
500.934600
501.785286
501.643664
500.320973
500.468250
500.546703
502.138812
501.687523
501.422849
500.065559
500.714680
502.172497
501.899724
501.495460
500.581473
500.265294
500.823700
502.481387
501.699530
499.835833
500.234283
500.638132
501.747149
501.829576
500.879899
500.606297
500.022133
502.076499
501.774660
501.276579
500.388812
500.070006
502.628487
502.084445
502.029516
500.180440
500.360526
502.286602
501.914406
501.962811
499.988358
500.419648
500.761711
502.521585
501.917351
500.371999
500.904687
501.133304
501.887863
501.634597
501.464147
500.377415
500.610103
501.846403
502.122386
501.489098
500.171787
500.307797
502.777903
501.896758
501.642696
500.562036
500.364584
500.656559
