6.828949
6.820529
6.824363
6.824372
6.824835
6.817346
6.823364
6.824033
6.833735
6.857687
6.825346
6.824826
6.826627
6.807683
6.824592
6.825888
6.824392
6.827915
6.829729
6.824497
6.820348
6.823987
6.821626
6.828829
6.857850
6.823646
6.817798
6.830717
6.831037
6.805851
6.823136
6.823342
6.828351
6.821810
6.827834
6.846225
6.822406
6.820146
6.822858
6.859053
6.829948
6.804862
6.823135
6.832972
6.832017
6.826656
6.824221
6.827313
6.835717
6.823726
6.822684
6.824421
6.823857
6.831506
6.863220
6.839145
6.823693
6.820731
6.826370
6.827543
6.823095
6.823676
6.827929
6.823493
6.822872
6.826229
6.817685
6.820445
6.823152
6.846427
6.837723
6.819404
6.824857
6.823445
6.823855
6.816883
6.824414
6.833022
6.823983
6.823972
6.822836
6.825832
6.824646
6.814976
6.856030
6.826907
6.824073
6.823869
6.816789
6.824696
6.823781
6.825403
6.828987
6.823217
6.823445
6.820146
6.823714
6.805612
6.822726
6.881792
6.823981
6.824133
6.825038
6.804318
6.830701
6.822819
6.827810
6.824000
6.826409
6.825798
6.833338
6.825469
6.819375
6.824267
6.858644
6.828147
6.833982
6.825172
6.826378
6.828137
6.827371
6.824634
6.818828
6.823911
6.817919
6.828057
6.825380
6.826444
6.825903
6.872054
6.827526
6.834089
6.824249
6.830649
6.831391
6.830444
6.827666
6.808867
6.823108
6.832403
6.821119
6.822430
6.823845
6.843233
6.847253
6.822939
6.823796
6.828164
6.823481
6.826571
6.825495
6.822349
6.826297
6.835222
6.823337
6.825853
6.828043
6.823529
6.853441
6.803412
6.824956
6.844185
6.825527
6.815518
6.827338
6.818757
6.826756
6.823211
6.823976
6.823382
6.834773
6.826442
6.823625
6.854023
6.813887
6.813606
6.833987
6.821716
6.824249
6.824311
6.822843
6.830125
6.823270
6.822074
6.824438
6.822587
6.822174
6.828147
6.860792
6.824586
6.822737
6.811607
6.823543
6.827605
6.830177
6.823514
6.823109
6.823836
6.827493
6.831155
6.827514
6.821198
6.823793
6.862339
6.822960
6.824429
6.829539
6.823959
6.824073
6.826063
6.822496
6.820507
6.808384
6.829352
6.821014
6.835236
6.823087
6.860707
6.825219
6.825559
6.822008
6.829284
6.824706
6.827135
6.822745
6.827588
6.822669
6.835418
6.826873
6.823821
6.829384
6.823336
6.866489
6.834094
6.831267
6.822676
6.838280
6.834404
6.823167
6.828207
6.822840
6.834545
6.823516
6.829888
6.826152
6.831188
6.824654
6.870241
6.823382
6.824440
6.828240
6.832327
6.828431
6.827137
6.817365
6.827259
6.827433
6.823291
6.828555
6.825433
6.829567
6.823368
6.849406
6.829540
6.822921
6.823305
6.823437
6.824377
6.824279
6.821616
6.817126
6.822932
6.824500
6.818311
6.828874
6.822295
6.834400
6.852070
6.827444
6.820541
6.836786
6.833684
6.838796
6.830320
6.834114
6.833376
6.838585
6.836800
6.840306
6.832417
6.827575
6.860293
6.840694
6.830570
6.834188
6.829954
6.839420
6.828728
6.823624
6.832888
6.831024
6.825114
6.836068
6.833477
6.835718
6.817647
6.854776
6.827099
6.824887
6.840218
6.815501
6.834578
6.840485
6.831410
6.827229
6.838265
6.837939
6.809741
6.827277
6.836203
6.833014
6.871568
6.827895
6.819397
6.834147
6.831867
6.820173
6.832914
6.815117
6.835532
6.814918
6.833536
6.825730
6.832109
6.834375
6.832612
6.829450
6.872643
6.834750
6.822377
6.831326
6.832927
6.840489
6.832696
6.833995
6.827437
6.835131
6.821162
6.825619
6.832921
6.837598
6.873036
6.828036
6.855206
6.818083
6.823568
6.838930
6.833354
6.851907
6.830660
6.833079
6.819890
6.835963
6.833814
6.837364
6.832754
6.892764
6.830680
6.825910
6.832721
6.837372
6.832795
6.832594
6.837885
6.847365
6.813025
6.833101
6.817333
6.835090
6.836870
6.833001
6.874931
6.830996
6.827838
6.819000
6.828220
6.826230
6.832822
6.826163
6.838181
6.848339
6.832970
6.836574
6.824664
6.833268
6.853461
6.839953
6.834237
6.834141
6.855232
6.828863
6.841719
6.834276
6.831370
6.826953
6.838038
6.839822
6.829095
6.832717
6.836665
6.834087
6.867454
6.837966
6.820651
6.828039
6.834424
6.830401
6.834459
6.813301
6.838811
6.829877
6.829664
6.821369
6.836370
6.833513
6.844481
6.860257
6.832064
6.836450
6.831807
6.832022
6.830679
6.819572
6.827861
6.813846
6.828084
6.829547
6.830166
6.815239
6.836115
6.840401
6.853706
6.833223
6.835350
6.830727
6.833447
6.837709
6.832521
6.827027
6.837260
6.833842
6.830322
6.835144
6.839033
6.820770
6.818651
6.869507
6.819055
6.828302
6.814092
6.817550
6.831661
6.832364
6.824557
6.832949
6.834226
6.833963
6.831874
6.829570
6.843981
6.870326
6.832434
6.823235
6.837394
6.831910
6.835185
6.834221
6.834881
6.831550
6.827440
6.826071
6.818729
6.823321
6.831281
6.833574
6.857130
6.837281
6.834809
6.830030
6.823266
6.827927
6.818273
6.821041
6.827164
6.832020
6.832900
6.833907
6.818281
6.836054
6.837721
6.825858
6.862902
6.842438
6.839010
6.838777
6.831609
6.824566
6.817603
6.835261
6.830599
6.830052
6.814291
6.830232
6.833046
6.830772
6.828148
6.869797
6.821278
6.829552
6.839492
6.826943
6.830854
6.838552
6.832704
6.813632
6.811287
6.832118
6.839655
6.834577
6.830186
6.833024
6.869495
6.835500
6.827202
6.831957
6.832470
6.853334
6.816793
6.814686
6.833925
6.833837
6.818247
6.829553
6.829492
6.827338
6.829396
6.870909
6.827143
6.831971
6.830429
6.834234
6.829791
6.824860
6.831313
6.829972
6.831850
6.842747
6.831943
6.833208
6.829657
6.869251
6.827945
6.843148
6.832160
6.840096
6.822943
6.833631
6.826038
6.823156
6.812600
6.833650
6.815554
6.811279
6.830126
6.829217
6.852349
6.825871
6.838978
6.829288
6.829371
6.831209
6.830414
6.828941
6.830872
6.824325
6.807595
6.833826
6.832168
6.831366
6.826224
6.854431
6.822591
6.837694
6.826478
6.828016
6.812531
6.828953
6.826873
6.837072
6.823619
6.832767
6.814169
6.824161
6.832061
6.833206
6.870862
6.835424
6.833624
6.833652
6.820077
6.827229
6.833473
6.825189
6.831596
6.839493
6.841039
6.824416
6.828323
6.831278
6.834476
6.854042
6.831914
6.828602
6.829932
6.830531
6.831543
6.820448
6.832191
6.837536
6.832213
6.833133
6.831115
6.831047
6.824204
6.854956
6.838916
6.821153
6.848203
6.835205
6.831034
6.808522
6.832428
6.830994
6.821724
6.827656
6.833971
6.842132
6.831297
6.832537
6.857936
6.829534
6.831606
6.833370
6.833464
6.832249
6.828278
6.831127
6.834363
6.821390
6.837520
6.840803
6.820160
6.835680
6.832562
6.875227
6.825553
6.836011
6.825353
6.833348
6.825541
6.838174
6.833271
6.829567
6.831092
6.829314
6.830691
6.832653
6.831055
6.821155
6.860465
6.830630
6.823949
6.811988
6.824401
6.830530
6.833664
6.831799
6.828419
6.833760
6.832545
6.830830
6.832338
6.829858
6.834661
6.876251
6.839901
6.833713
6.829898
6.829283
6.824976
6.830550
6.819777
6.828953
6.827584
6.830770
6.831265
6.831122
6.832612
6.858043
6.830820
6.832202
6.833704
6.826417
6.825938
6.824907
6.837728
6.820840
6.831180
6.829983
6.831379
6.829099
6.830516
6.824269
6.833063
6.865494
6.831752
6.833164
6.835002
6.829311
6.826942
6.829077
6.832139
6.829693
6.833562
6.815303
6.834701
6.832251
6.832064
6.833614
6.833209
6.850560
6.835231
6.830558
6.826035
6.829609
6.830431
6.814695
6.838280
6.832048
6.830212
6.834954
6.849082
6.837996
6.835372
6.833012
6.844932
6.829495
6.832698
6.834533
6.817449
6.842897
6.830720
6.826434
6.830919
6.831343
6.831641
6.829567
6.827440
6.831318
6.849985
6.848822
6.831529
6.834793
6.831293
6.827805
6.835934
6.829641
6.832093
6.820985
6.827424
6.830416
6.815584
6.832278
6.811034
6.858734
6.834508
6.829818
6.833213
6.832935
6.834867
6.832884
6.826488
6.830953
6.831284
6.826392
6.833031
6.834578
6.830149
6.830325
6.872343
6.830645
6.823493
6.832611
6.833305
6.830682
6.831610
6.834118
6.817912
6.823541
6.829539
6.830160
6.826081
6.831372
6.815781
6.857610
6.820922
6.832220
6.818594
6.823997
6.827350
6.839673
6.829685
6.832768
6.834216
6.835889
6.823901
6.852443
6.827236
6.835068
6.862473
6.828808
6.834217
6.823996
6.830422
6.829409
6.835961
6.827542
6.832140
6.814228
6.817376
6.831034
6.829469
6.835674
6.822731
6.849851
6.826132
6.829102
6.832800
6.830430
6.830785
6.819575
6.843999
6.831533
6.832602
6.839734
6.829831
6.839455
6.817260
6.829720
6.863122
6.827651
6.832347
6.829921
6.823031
6.827669
6.812776
6.831885
6.812934
6.832235
6.838180
6.830032
6.830485
6.834770
6.832207
6.860191
6.833241
6.830011
6.834467
6.824488
6.829685
6.830061
6.812793
6.835225
6.832497
6.832506
6.828424
6.828256
6.834059
6.854788
6.815271
6.831718
6.834841
6.832703
6.826656
6.827130
6.834121
6.813435
6.824879
6.826532
6.835806
6.833060
6.827817
6.839207
6.869563
6.820609
6.831363
6.830539
6.809867
6.852717
6.830769
6.830530
6.831802
6.830037
6.833224
6.832905
6.833194
6.816022
6.830880
6.849658
6.814119
6.831419
6.829232
6.833129
6.830867
6.834296
6.837960
6.835098
6.831090
6.827260
6.835526
6.817750
6.831079
6.841039
6.857682
6.825084
6.820538
6.832735
6.814372
6.825613
6.833865
6.833604
6.830428
6.831836
6.828869
6.831169
6.832085
6.830413
6.835527
6.828018
6.844101
6.851577
6.832245
6.821604
6.832724
6.831358
6.823338
6.832720
6.822475
6.825770
6.829409
6.834967
6.832319
6.879325
6.831040
6.837232
6.830623
6.832325
6.840252
6.834833
6.833691
6.836492
6.834600
6.818874
6.832425
6.835006
6.837063
6.817305
6.837698
6.831938
6.831772
6.838516
6.833506
6.834243
6.832931
6.832700
6.818747
6.825343
6.815096
6.842842
6.839022
6.820609
6.834791
6.876119
6.821357
6.837767
6.831844
6.841440
6.821255
6.832124
6.832815
