0.545681
0.545443
0.549292
0.545338
0.554897
0.541464
0.553669
0.540463
0.544321
0.546450
0.546395
0.544882
0.536414
0.543731
0.542590
0.541149
0.540769
0.537460
0.544458
0.547678
0.545353
0.542555
0.544435
0.546155
0.545909
0.540663
0.538384
0.542678
0.544982
0.542383
0.544067
0.546995
0.543602
0.539679
0.551381
0.542679
0.548028
0.543356
0.540500
0.537206
0.540553
0.542830
0.542915
0.540052
0.541208
0.542101
0.536263
0.541401
0.542209
0.538469
0.540856
0.542955
0.542647
0.541178
0.543395
0.542727
0.542579
0.546572
0.537592
0.535951
0.544518
0.535086
0.541046
0.534852
0.538170
0.542767
0.544830
0.542216
0.541810
0.542191
0.537501
0.538543
0.543486
0.538248
0.536344
0.541263
0.539908
0.540354
0.536576
0.539136
0.539919
0.541386
0.544107
0.542172
0.535898
0.537023
0.544106
0.539549
0.544317
0.543064
0.536572
0.533874
0.541499
0.535730
0.541776
0.543708
0.561516
0.539613
0.542712
0.537254
0.546980
0.537275
0.541125
0.543519
0.541604
0.541467
0.538633
0.538563
0.537548
0.539402
0.542670
0.538866
0.541646
0.539543
0.536997
0.544989
0.540256
0.543350
0.542969
0.539180
0.541901
0.541782
0.540936
0.536451
0.543735
0.541758
0.541951
0.547772
0.540225
0.537507
0.540784
0.538356
0.538966
0.544324
0.536566
0.539714
0.539827
0.538235
0.543526
0.537720
0.541587
0.540569
0.543095
0.542350
0.541058
0.536689
0.545533
0.538067
0.538711
0.539942
0.544404
0.540642
0.538124
0.542781
0.535370
0.542777
0.543448
0.535074
0.540700
0.540677
0.539918
0.535523
0.541791
0.541877
0.543271
0.542087
0.537724
0.544008
0.536819
0.536407
0.542233
0.536979
0.543211
0.539993
0.538528
0.539899
0.536461
0.540343
0.546792
0.544387
0.542126
0.531745
0.538170
0.541065
0.539390
0.539462
0.537189
0.539219
0.540051
0.537892
0.544676
0.539887
0.539229
0.540146
0.539515
0.545335
0.538209
0.547575
0.540094
0.539707
0.530945
0.541762
0.536195
0.546261
0.541578
0.542305
0.543781
0.538646
0.542482
0.539136
0.548397
0.545362
0.538807
0.537646
0.538164
0.537529
0.545169
0.540030
0.543150
0.536741
0.540976
0.533577
0.545078
0.541478
0.542982
0.539472
0.545337
0.537952
0.546666
0.538798
0.539568
0.538058
0.543361
0.539767
0.544187
0.545531
0.544551
0.539183
0.536553
0.541716
0.541451
0.538936
0.537090
0.544403
0.543228
0.532560
0.540206
0.540088
0.546174
0.540443
0.543360
0.543197
0.539167
0.541805
0.543808
0.540537
0.535983
0.537304
0.545751
0.532524
0.546982
0.537682
0.543565
0.539812
0.538865
0.540869
0.541416
0.535986
0.545646
0.536380
0.543392
0.534456
0.535973
0.538318
0.539301
0.541760
0.538777
0.543115
0.545286
0.541609
0.539025
0.537574
0.541817
0.540675
0.538354
0.538810
0.540155
0.540965
0.536841
0.539007
0.541689
0.539871
0.539826
0.542754
0.536030
0.541693
0.541563
0.546967
0.539322
0.543591
0.535373
0.553204
0.540272
0.540613
0.541210
0.539453
0.542034
0.543164
0.541292
0.541962
0.539693
0.536774
0.540350
0.541999
0.541358
0.545842
0.541146
0.545305
0.541616
0.544922
0.536884
0.539412
0.541035
0.539467
0.541950
0.533475
0.537881
0.542687
0.541569
0.540905
0.543961
0.543721
0.541132
0.534855
0.544909
0.538502
0.539850
0.544016
0.541535
0.538005
0.546155
0.539923
0.547913
0.542185
0.539545
0.536830
0.542857
0.538664
0.546190
0.541627
0.540229
0.542229
0.540514
0.539303
0.546578
0.544515
0.547503
0.538865
0.539566
0.543715
0.540030
0.538499
0.544840
0.544253
0.538011
0.536473
0.543902
0.538152
0.538722
0.539219
0.538847
0.535640
0.538693
0.539527
0.538036
0.553811
0.539648
0.542104
0.542176
0.540374
0.537829
0.540652
0.542035
0.533709
0.537380
0.540067
0.541634
0.539537
0.546611
0.542941
0.541509
0.540528
0.544779
0.543401
0.538003
0.537035
0.538977
0.542509
0.536372
0.538347
0.542377
0.539520
0.537824
0.542751
0.537145
0.543319
0.544701
0.541004
0.542521
0.540056
0.540421
0.539859
0.542021
0.541201
0.536866
0.537852
0.540776
0.539867
0.535455
0.538234
0.537183
0.539296
0.541360
0.538271
0.540162
0.538983
0.540480
0.539630
0.541571
0.537912
0.539893
0.535392
0.537776
0.544213
0.534923
0.542826
0.542601
0.544411
0.548276
0.545458
0.543621
0.541596
0.546834
0.539382
0.538305
0.537569
0.539608
0.540746
0.534217
0.538013
0.541233
0.539791
0.543000
0.543095
0.538800
0.538938
0.544914
0.538544
0.547926
0.534975
0.545027
0.545374
0.539499
0.536603
0.539774
0.537691
0.557413
0.538708
0.546068
0.541735
0.540509
0.534714
0.542508
0.537934
0.538327
0.539275
0.542761
0.541809
0.543627
0.538826
0.544882
0.537441
0.537614
0.535131
0.541653
0.538908
0.537745
0.535796
0.535810
0.542894
0.537329
0.542098
0.554301
0.536651
0.540294
0.532222
0.540839
0.539391
0.535652
0.537048
0.536608
0.538646
0.537015
0.542380
0.536331
0.539872
0.538393
0.536268
0.540408
0.538374
0.533435
0.532383
0.542877
0.539141
0.539554
0.544121
0.538590
0.541861
0.543609
0.546351
0.538962
0.534749
0.538488
0.535566
0.534334
0.536535
0.537402
0.542177
0.539817
0.539676
0.534281
0.536870
0.534916
0.534631
0.537542
0.534610
0.539252
0.542806
0.536931
0.536333
0.539707
0.542055
0.540347
0.535695
0.544622
0.539896
0.538469
0.538339
0.540899
0.533647
0.536877
0.535746
0.540589
0.542561
0.539165
0.535681
0.541619
0.541946
0.535269
0.542620
0.537256
0.538965
0.537580
0.539824
0.540895
0.539906
0.539101
0.539410
0.534991
0.537190
0.540435
0.537643
0.539587
0.533638
0.536386
0.558561
0.538172
0.540374
0.540028
0.539085
0.537927
0.538480
0.534744
0.540219
0.541350
0.535571
0.535713
0.539211
0.532423
0.540885
0.545089
0.536530
0.537483
0.539760
0.542827
0.537366
0.541233
0.541499
0.542316
0.542631
0.541556
0.533298
0.540526
0.541962
0.535873
0.543219
0.538683
0.539612
0.533467
0.543159
0.534612
0.534625
0.539590
0.532921
0.537541
0.539387
0.532101
0.538395
0.537723
0.540631
0.534144
0.532056
0.555069
0.540026
0.543082
0.542477
0.538663
0.541829
0.539304
0.545135
0.541446
0.544179
0.536401
0.539046
0.538096
0.542351
0.555927
0.543276
0.538774
0.542866
0.545090
0.540683
0.542800
0.539204
0.540252
0.542752
0.534981
0.536421
0.541335
0.539889
0.538193
0.539978
0.541099
0.534721
0.535423
0.549304
0.540870
0.543766
0.541909
0.537141
0.538276
0.537256
0.536891
0.542759
0.539513
0.530096
0.538509
0.541024
0.542465
0.541654
0.542097
0.537755
0.541253
0.541961
0.540348
0.539857
0.537741
0.537048
0.538279
0.541218
0.542458
0.534424
0.535882
0.540075
0.540839
0.533068
0.538710
0.536841
0.540908
0.539505
0.534582
0.535253
0.542424
0.538907
0.540967
0.536839
0.538046
0.545948
0.538187
0.538314
0.537976
0.539438
0.540474
0.538237
0.537709
0.541128
0.542886
0.540574
0.539894
0.542026
0.545668
0.542910
0.538743
0.534701
0.542188
0.535875
0.540351
0.531957
0.535942
0.539873
0.547263
0.547044
0.542296
0.564790
0.540712
0.541502
0.534095
0.538063
0.538495
0.538339
0.542108
0.539091
0.539219
0.539299
0.541481
0.538983
0.536952
0.540549
0.539222
0.540233
0.543957
0.539783
0.540660
0.541961
0.542324
0.538867
0.539242
0.540567
0.541827
0.536566
0.544270
0.539332
0.536760
0.542625
0.537588
0.540196
0.535093
0.540214
0.535599
0.538962
0.540855
0.538526
0.540873
0.539845
0.539973
0.539145
0.574657
0.536176
0.538772
0.542903
0.536752
0.544584
0.544016
0.536943
0.541393
0.540587
0.537366
0.540947
0.538059
0.541663
0.543256
0.538049
0.541193
0.538132
0.537062
0.534253
0.540397
0.536679
0.539547
0.543749
0.539298
0.540332
0.546356
0.541757
0.543181
0.537815
0.541803
0.541869
0.541243
0.535074
0.536177
0.539707
0.544317
0.534007
0.539262
0.539648
0.544520
0.539555
0.539782
0.536938
0.542913
0.543365
0.540746
0.538640
0.536029
0.538957
0.536179
0.538318
0.534125
0.535856
0.539580
0.540861
0.539345
0.541169
0.538148
0.542627
0.540907
0.548832
0.535619
0.538087
0.536404
0.537721
0.545915
0.539324
0.539075
0.535653
0.539589
0.537519
0.535635
0.537273
0.538957
0.535424
0.542892
0.546776
0.538801
0.539230
0.538344
0.541007
0.539515
0.542198
0.543223
0.534747
0.539286
0.539605
0.543903
0.538373
0.536182
0.544572
0.538131
0.542382
0.538858
0.534439
0.535131
0.539315
0.536475
0.544899
0.536970
0.539956
0.551226
0.540397
0.537113
0.535725
0.543315
0.537078
0.546968
0.541633
0.543840
0.537706
0.535598
0.536531
0.533052
0.538985
0.542224
0.536236
0.540474
0.538742
0.538282
0.537106
0.537663
0.541853
0.540360
0.540788
0.539306
0.540671
0.540737
0.539579
0.532563
0.538647
0.536848
0.542732
0.539404
0.535854
0.540610
0.540540
0.538987
0.540005
0.541588
0.543242
0.535560
0.542612
0.539500
0.535843
0.536305
0.550080
0.540023
0.547316
0.535579
0.538092
0.537737
0.545591
0.540146
0.544164
0.552171
0.543700
0.541464
0.539922
0.537364
0.544623
0.543898
0.534478
0.539350
0.539766
0.537406
0.539882
0.542354
0.540617
0.546214
0.539722
0.540855
0.542276
0.540021
0.537125
0.536392
0.536967
0.538986
0.543836
0.540329
0.539429
0.545325
0.535826
0.537954
0.540381
0.539582
0.541509
0.536808
0.540316
0.537756
0.534355
0.544199
0.542953
0.540282
0.533530
0.555144
0.538523
0.540714
0.535655
0.540371
0.538172
0.541355
0.534531
0.536747
0.538533
0.542843
0.540170
0.538122
0.533737
0.535330
0.544193
0.543031
0.547016
0.539909
0.541420
0.545225
0.542698
0.541161
0.537456
0.543806
0.540696
0.540995
0.539016
0.546304
0.537400
0.542676
0.542132
0.534842
0.540143
0.534684
0.541899
0.535744
0.543487
