68.163204
68.158484
68.107873
68.153580
68.100183
68.236149
68.186838
68.105625
68.180970
68.147399
68.100561
68.164986
68.156428
68.103397
68.191296
68.144169
68.067679
68.136576
68.205399
68.115507
68.085581
68.121676
68.161048
68.124673
68.241223
68.150765
68.198033
68.230752
68.184485
68.158549
68.097566
68.138295
68.072952
68.243688
68.132817
68.078070
68.262233
68.169029
68.093709
68.148691
68.113975
68.269496
68.186775
68.175350
68.253813
68.174302
68.137378
68.144586
68.188313
68.210762
68.171228
68.177305
68.117373
68.303231
68.221843
68.221695
68.205831
68.219593
68.151771
68.192395
68.253452
68.237240
68.172565
68.235649
68.199902
68.189024
68.222590
68.166475
68.188306
68.244202
68.264699
68.240786
68.175702
68.191815
68.180017
68.200395
68.134855
68.210736
68.353347
68.116255
68.258762
68.149776
68.174146
68.235656
68.171058
68.129605
68.210161
68.219774
68.198159
68.293720
68.216940
68.208080
68.195531
68.222652
68.161860
68.158327
68.184325
68.134217
68.221500
68.190260
68.139091
68.243505
68.216766
68.153358
68.165693
68.186062
68.176042
68.277331
68.202905
68.164052
68.249971
68.237444
68.206449
68.155805
68.216777
68.182261
68.257067
68.239549
68.176904
68.191203
68.216953
68.263752
68.251875
68.271701
68.115733
68.231633
68.211764
68.196549
68.200894
68.268629
68.124433
68.206755
68.182468
68.158383
68.142685
68.163611
68.138235
68.099712
68.224446
68.251461
68.290642
68.260926
68.137601
68.235386
68.220094
68.149979
68.201391
68.230218
68.145170
68.177181
68.191256
68.236656
68.270793
68.185065
68.203853
68.263786
68.220033
68.150294
68.220209
68.244472
68.197135
68.212942
68.187399
68.233794
68.215521
68.207625
68.166447
68.184488
68.256767
68.199012
68.267209
68.292553
68.127170
68.170720
68.291046
68.179584
68.219411
68.224608
68.166972
68.228067
68.242154
68.160143
68.161280
68.166422
68.213395
68.461705
68.229553
68.127782
68.279581
68.220719
68.164555
68.171026
68.225746
68.063730
68.141110
68.203676
68.138957
68.186523
68.209640
68.242708
68.133562
68.191658
68.177601
68.237282
68.293298
68.159532
68.173510
68.195110
68.160699
68.159735
68.276445
68.223271
68.408522
68.232715
68.137364
68.118548
68.191509
68.135262
68.166051
68.190416
68.140740
68.145821
68.140015
68.078227
68.178682
68.178385
68.183879
68.354507
68.144039
68.080052
68.167232
68.187657
68.124658
68.131826
68.180722
68.136482
68.114566
68.128978
68.162514
68.168756
68.145931
68.112555
68.112080
68.146892
68.068694
68.191474
68.142767
68.323447
68.227020
68.255244
68.213595
68.089295
68.190682
68.186937
68.146777
68.166395
68.199825
68.235965
68.247448
68.119148
68.081527
68.201092
68.102326
68.232701
68.254505
68.122292
68.242360
68.147587
68.138217
68.158589
68.116808
68.122895
68.088063
68.214350
68.001354
68.109369
68.213224
68.168776
68.180182
68.201512
68.106087
68.117676
68.244075
68.158450
68.199762
68.223966
68.194014
68.159989
68.200252
68.081081
68.127098
68.136629
68.205999
68.143702
68.312340
68.204976
68.287586
68.169881
68.182617
68.135516
68.181470
68.231704
68.187309
68.279992
68.230771
68.250732
68.202883
68.118661
68.214253
68.199057
68.204873
68.222024
68.251813
68.204897
68.174307
68.278266
68.159342
68.246290
68.241763
68.155409
68.183408
68.187407
68.170600
68.171542
68.304208
68.106439
68.249999
68.279656
68.187646
68.087896
68.207001
68.019350
68.211579
68.185922
68.116285
68.233648
68.234592
68.174441
68.215926
68.202244
68.194317
68.195866
68.182240
68.142745
68.228376
68.181081
68.162101
68.252784
68.151425
68.210169
68.145672
68.136252
68.127129
68.276196
68.234691
68.264538
68.193290
68.251899
68.166222
68.196583
68.180606
68.047180
68.224005
68.209852
68.123196
68.111534
68.182581
68.243578
68.160080
68.140041
68.113775
68.194336
68.120057
68.207717
68.119506
68.123250
68.108062
68.190533
68.251674
68.050131
68.129659
68.153942
68.105144
68.177868
68.143382
68.213663
68.221363
68.213640
68.182418
68.168471
68.209353
68.176675
68.192545
68.217298
68.202785
68.192306
68.220293
68.302696
68.219020
68.201604
68.187696
68.237668
68.254843
68.153991
68.195846
68.258288
68.150219
68.267699
68.242814
68.227415
68.168728
68.167242
68.152826
68.190522
68.207390
68.129033
68.239384
68.185677
68.142016
68.185762
68.180637
68.161478
68.202496
68.226585
68.260554
68.238148
68.159474
68.126778
68.101350
68.097323
68.170464
68.089492
68.216109
68.162029
68.122927
68.180299
68.216341
68.195724
68.159700
68.164780
68.158063
68.216260
68.201546
68.155966
68.189122
68.240294
68.211366
68.258916
68.204109
68.209883
68.217755
68.187759
68.183279
68.281972
68.188425
68.175416
68.125079
68.199685
68.128165
68.177899
68.233544
68.185783
68.357283
68.229205
68.195181
68.264219
68.198114
68.194346
68.202974
68.226691
68.143724
68.185033
68.210616
68.168084
68.266924
68.156418
68.274359
68.277314
68.316527
68.256567
68.233859
68.295028
68.269749
68.244646
68.246860
68.197424
68.304214
68.312384
68.273663
68.283450
68.205735
68.202384
68.418486
68.280187
68.304138
68.242828
68.203577
68.202829
68.279103
68.300624
68.316415
68.250568
68.273974
68.374703
68.468049
68.254077
68.174462
68.250793
68.243681
68.198672
68.225775
68.365883
68.252154
68.262291
68.314547
68.151537
68.249400
68.240814
68.204494
68.217033
68.251369
68.193837
68.184336
68.225533
68.226496
68.189759
68.170209
68.200242
68.290436
68.183965
68.219751
68.193909
68.192932
68.217621
68.259225
68.202209
68.144316
68.185428
68.190520
68.121707
68.187002
68.221409
68.138503
68.185516
68.222975
68.162358
68.176912
68.223858
68.231800
68.228002
68.204288
68.148964
68.211508
68.258933
68.234017
68.228042
68.279648
68.241520
68.217336
68.289285
68.232627
68.258297
68.376251
68.216006
68.229845
68.213029
68.086754
68.038913
68.189369
68.119231
68.239565
68.267576
68.144409
68.136081
68.106289
68.119461
68.144411
68.216910
68.110736
68.246155
68.193006
68.178183
68.232069
68.237768
68.134031
68.133091
68.255190
68.129417
68.193077
68.150964
68.166039
68.177932
68.211251
68.170444
68.195770
68.210028
68.177405
68.187223
68.234248
68.214357
68.060588
68.201695
68.166423
68.118161
68.164742
68.075054
68.134609
68.232213
68.207994
68.166115
68.224551
68.195775
68.159963
68.118840
68.098342
68.135764
68.173931
68.105941
68.131019
68.211494
68.047618
68.213279
68.053832
68.203466
68.244102
68.179569
68.118553
68.127427
68.203165
68.219829
68.196546
68.115599
68.163126
68.048840
68.170880
68.021597
68.138227
68.104563
68.129125
68.141826
68.182698
68.044887
68.083060
68.139514
68.114712
68.116797
68.147312
68.206476
68.102570
68.147274
68.117046
68.226951
68.149152
68.143700
68.217763
68.135317
68.041319
68.131098
68.183095
68.050228
68.223924
68.154807
68.161356
68.040117
68.155247
68.138968
68.038624
68.105142
68.115875
68.243105
68.187483
68.117021
68.059832
68.087384
68.140948
68.210029
68.142405
68.094571
68.209954
68.187000
68.250329
68.136151
68.101900
68.174484
68.075911
68.165024
68.223620
68.165929
68.148983
68.094764
68.203067
68.194774
68.225004
68.176205
68.148558
68.211018
68.026901
68.208759
68.264116
68.221343
68.132489
68.172453
68.073703
68.190076
68.202838
68.181929
68.128323
68.176543
68.160035
68.140098
68.213046
68.219850
68.125064
68.237899
68.229622
68.155270
68.119941
68.209467
68.150332
68.159686
68.126786
68.146835
68.186580
68.180312
68.149132
68.152231
68.185461
68.176722
68.188009
68.087492
68.129970
68.164792
68.171075
68.179807
68.146578
68.077800
68.068971
68.121371
68.135429
68.200269
68.152036
68.187512
68.169588
68.157852
68.094333
68.064010
68.258470
68.140942
68.262505
68.186827
68.094660
68.258158
68.196808
68.065028
68.194970
68.174195
68.232073
68.168598
68.206776
68.156778
68.232375
68.223233
68.256499
68.155767
68.250944
68.176576
68.177903
68.226503
68.129612
68.201475
68.196879
68.155749
68.177486
68.460243
68.125923
68.202765
68.184453
68.187604
68.244442
68.233438
68.124004
68.177735
68.194365
68.179877
68.210871
68.231941
68.188608
68.159179
68.159826
68.141516
68.194869
68.161046
68.193982
68.212979
68.161121
68.154723
68.204152
68.183931
68.146898
68.178641
68.210552
68.120979
68.208740
68.088362
68.148503
68.162629
68.254272
68.185163
68.300062
68.142789
68.275290
68.221633
68.251147
68.170789
68.180172
68.155275
68.161707
68.177367
68.175362
68.166230
68.183021
68.253582
68.123191
68.207724
68.215766
68.149366
68.186238
68.190347
68.143433
68.233866
68.244237
68.169161
68.241994
68.223495
68.159811
68.180903
68.250251
68.180992
68.148542
68.162189
68.018178
68.171974
68.138018
68.114837
68.191144
68.165522
68.169127
68.100831
68.105823
68.203275
68.173681
68.107710
68.211244
68.221595
68.250426
68.162755
68.241054
68.227005
68.063317
68.242388
68.240600
68.128416
68.217148
68.195850
68.234386
68.260360
68.183756
68.131510
68.088827
68.180408
68.144199
68.115107
68.153904
68.132026
68.149927
68.206889
68.112293
68.031719
68.203244
68.235112
68.237750
68.143037
68.037147
68.045592
68.157243
68.156761
68.220054
68.233021
68.205471
68.176678
68.188704
68.212496
68.195549
68.264125
68.123947
68.040119
68.181264
68.114057
67.999863
68.123288
68.185111
68.247326
68.155987
68.124787
68.118883
68.274820
68.084109
68.144835
68.164181
68.082175
68.087796
68.197422
68.191493
68.174631
68.138779
68.177533
68.184539
68.223171
68.169834
68.163845
68.122862
68.075480
68.174124
68.190147
68.094472
68.095251
68.097414
68.172386
68.030396
68.201141
68.241109
68.108159
68.203353
68.143544
68.100758
68.106978
68.137292
68.078766
68.264499
68.207009
68.222663
68.335921
68.197055
68.330546
68.305953
68.229996
68.325100
68.268158
68.216696
68.168927
68.261606
68.295197
68.251825
68.242597
68.166231
68.201531
68.330846
68.195687
68.253476
68.210713
68.179101
68.307032
68.230880
68.199847
68.294239
68.197806
68.257352
68.234092
68.241729
68.300190
68.241512
68.228508
68.262860
68.302534
68.335277
68.236917
68.289243
68.295386
68.250665
68.163287
68.289941
68.249473
68.234026
68.295560
68.237507
68.365310
68.257011
68.255437
68.283853
68.318137
68.275783
68.256929
68.312599
68.280684
68.295298
68.269779
68.220849
68.223617
68.233114
68.268713
