0.059636
0.038165
0.027469
0.027058
0.026706
0.026496
0.026357
0.026295
0.026908
0.026256
0.026318
0.026461
0.026782
0.036400
0.027001
0.026317
0.026599
0.026738
0.026730
0.026485
0.026466
0.026315
0.026398
0.026264
0.026290
0.027027
0.026554
0.026852
0.026300
0.026214
0.026271
0.026392
0.026543
0.026364
0.026955
0.026336
0.026334
0.026376
0.026642
0.026286
0.026450
0.026443
0.026263
0.026325
0.026256
0.026242
0.026505
0.026380
0.026213
0.026219
0.026246
0.026509
0.026228
0.026306
0.026220
0.026311
0.026367
0.026766
0.026500
0.026325
0.026436
0.026411
0.026265
0.026338
0.026250
0.026330
0.026323
0.026394
0.026198
0.026226
0.026508
0.026302
0.026318
0.026196
0.026377
0.026518
0.026344
0.026355
0.026243
0.026325
0.026627
0.026570
0.026336
0.026368
0.026327
0.026279
0.026274
0.026316
0.034171
0.027631
0.026489
0.026289
0.026410
0.026312
0.026508
0.026398
0.026256
0.026296
0.026321
0.026431
0.026241
0.026283
0.026375
0.026344
0.026696
0.026258
0.026269
0.026398
0.026537
0.026394
0.026352
0.026164
0.026195
0.026481
0.026348
0.026226
0.026276
0.026260
0.026519
0.026224
0.026256
0.026743
0.026437
0.026500
0.026496
0.026320
0.026508
0.026393
0.026289
0.026305
0.026658
0.026373
0.026389
0.026254
0.026523
0.026208
0.026297
0.026628
0.026313
0.026328
0.026306
0.026446
0.026555
0.026353
0.026339
0.026252
0.026289
0.026552
0.026261
0.026216
0.026254
0.026363
0.026254
0.027022
0.026577
0.026291
0.026265
0.026520
0.026331
0.026222
0.026224
0.026486
0.026305
0.026253
0.026202
0.026351
0.026557
0.026330
0.026163
0.026362
0.026366
0.026334
0.026354
0.026375
0.026269
0.026261
0.026230
0.026359
0.026262
0.026465
0.026615
0.026259
0.026253
0.031227
0.028370
0.026755
0.026493
0.026410
0.026297
0.026303
0.026460
0.026317
0.026199
0.026336
0.026320
0.026387
0.026248
0.026714
0.026255
0.026349
0.026332
0.026219
0.026294
0.026306
0.026554
0.026319
0.026246
0.026436
0.026267
0.026639
0.026372
0.026292
0.026317
0.026612
0.026403
0.026267
0.026695
0.026536
0.026328
0.026329
0.026235
0.026347
0.036744
0.026375
0.026260
0.026339
0.026278
0.026376
0.026567
0.026335
0.026335
0.026256
0.026362
0.026445
0.031308
0.026414
0.026227
0.026433
0.026315
0.026319
0.026238
0.026176
0.026388
0.026249
0.026242
0.026177
0.026173
0.026587
0.027117
0.026467
0.026202
0.026322
0.026528
0.026261
0.026251
0.026355
0.026420
0.026405
0.026198
0.026247
0.026229
0.026365
0.026319
0.026250
0.026281
0.026238
0.026319
0.026415
0.026218
0.026302
0.026325
0.026460
0.026326
0.026244
0.026223
0.026316
0.026504
0.026481
0.034077
0.026285
0.026663
0.026380
0.026264
0.026311
0.026329
0.026243
0.026237
0.026403
0.026298
0.026260
0.026303
0.026411
0.026337
0.026221
0.026232
0.026501
0.026222
0.026332
0.026465
0.026344
0.026226
0.026179
0.026255
0.026163
0.026266
0.026391
0.026159
0.026310
0.026150
0.026267
0.026241
0.026642
0.026681
0.026305
0.026581
0.026318
0.026292
0.026311
0.026199
0.026710
0.026393
0.026167
0.026298
0.026223
0.026226
0.026357
0.026283
0.026283
0.026297
0.026250
0.026220
0.026305
0.026215
0.026503
0.034307
0.026245
0.026177
0.026374
0.026460
0.026270
0.026345
0.026336
0.026574
0.026878
0.026348
0.026295
0.026173
0.026574
0.026258
0.026271
0.026235
0.026283
0.026254
0.026291
0.031190
0.027708
0.026354
0.026440
0.026279
0.026201
0.026194
0.026286
0.026599
0.026383
0.026154
0.026623
0.026617
0.026290
0.026319
0.026320
0.026223
0.026280
0.026256
0.026163
0.026217
0.026556
0.026387
0.026227
0.026136
0.029679
0.027008
0.026527
0.026366
0.026141
0.026276
0.026239
0.026527
0.026230
0.026232
0.026273
0.034332
0.026314
0.026207
0.026199
0.026112
0.026294
0.026781
0.026321
0.026190
0.026169
0.026379
0.026308
0.026267
0.026325
0.026165
0.026555
0.026363
0.026174
0.026183
0.026289
0.026415
0.026284
0.026203
0.026144
0.026196
0.026231
0.026767
0.026451
0.026204
0.026361
0.026210
0.026183
0.026213
0.026189
0.026339
0.026239
0.026259
0.026338
0.026191
0.026463
0.026293
0.026269
0.026186
0.026259
0.026169
0.026157
0.026282
0.026212
0.026716
0.026269
0.026231
0.026251
0.026210
0.026322
0.026232
0.026259
0.033818
0.026185
0.026557
0.026298
0.026193
0.026188
0.026294
0.026492
0.026287
0.026208
0.026625
0.026319
0.026291
0.026421
0.026178
0.026297
0.026236
0.026213
0.026211
0.026202
0.026367
0.026432
0.026531
0.026292
0.026364
0.026257
0.026534
0.026410
0.026269
0.026259
0.026383
0.026127
0.026169
0.026184
0.026312
0.026330
0.026301
0.026267
0.026173
0.026186
0.026392
0.026298
0.026123
0.026202
0.026163
0.026625
0.026302
0.026240
0.026273
0.026240
0.026423
0.026233
0.026209
0.026462
0.026374
0.026298
0.033741
0.026348
0.026278
0.026292
0.026305
0.026322
0.026259
0.026133
0.026234
0.026247
0.026159
0.026422
0.026238
0.026592
0.026328
0.026536
0.026321
0.026307
0.026196
0.026200
0.026296
0.026236
0.028087
0.030731
0.026406
0.026146
0.026171
0.026278
0.026247
0.026190
0.026220
0.026128
0.026487
0.026308
0.026301
0.026162
0.026566
0.026595
0.026254
0.026232
0.026176
0.026277
0.026169
0.026162
0.026319
0.026127
0.026236
0.026262
0.026275
0.026266
0.026190
0.026167
0.026196
0.026231
0.026419
0.026221
0.034262
0.026298
0.026130
0.026192
0.026142
0.026378
0.026265
0.026103
0.026211
0.026247
0.026214
0.033086
0.026161
0.026293
0.026184
0.026189
0.026093
0.026170
0.026271
0.026290
0.026254
0.026134
0.026112
0.026120
0.026387
0.026208
0.026175
0.026254
0.026397
0.026257
0.026171
0.026129
0.026182
0.026217
0.026253
0.026187
0.026149
0.026189
0.026274
0.026167
0.026184
0.026367
0.026156
0.029086
0.026194
0.026270
0.026197
0.026207
0.026600
0.026218
0.026154
0.026092
0.026225
0.026216
0.026106
0.026243
0.034962
0.026385
0.026241
0.026149
0.026219
0.026224
0.026328
0.026335
0.026196
0.026167
0.026181
0.026530
0.026216
0.026300
0.026137
0.026225
0.026373
0.026286
0.026162
0.028463
0.026336
0.026433
0.026225
0.026210
0.026167
0.026197
0.026277
0.026225
0.026325
0.026231
0.026182
0.026273
0.026127
0.026161
0.026203
0.026462
0.026217
0.026256
0.026133
0.026284
0.026196
0.026385
0.026163
0.026144
0.026227
0.026183
0.026161
0.026204
0.026179
0.026353
0.026253
0.028556
0.026200
0.026213
0.026371
0.026302
0.036974
0.026766
0.026208
0.026430
0.026297
0.026286
0.026240
0.026277
0.026224
0.026144
0.026129
0.026147
0.026176
0.026352
0.026125
0.026399
0.026174
0.026200
0.026172
0.026187
0.026206
0.026199
0.026351
0.026323
0.026198
0.028592
0.026790
0.028586
0.026309
0.026228
0.026124
0.026242
0.026173
0.026105
0.026307
0.026286
0.026306
0.026213
0.026151
0.026118
0.026184
0.026488
0.026192
0.026171
0.026130
0.026349
0.026682
0.026219
0.026197
0.026159
0.026233
0.026217
0.026130
0.026120
0.026139
0.026443
0.034112
0.026166
0.026246
0.028234
0.026192
0.026218
0.026201
0.026198
0.026055
0.026491
0.026160
0.026166
0.026084
0.026224
0.026358
0.026178
0.026105
0.026075
0.026136
0.026240
0.026196
0.026127
0.026124
0.026284
0.026170
0.026081
0.026086
0.026198
0.026182
0.026268
0.026100
0.026079
0.026078
0.026378
0.026259
0.028253
0.026096
0.026243
0.026315
0.026193
0.026069
0.026179
0.026142
0.026153
0.026135
0.026237
0.026104
0.026196
0.026206
0.026163
0.026073
0.026078
0.026318
0.026204
0.026112
0.026163
0.033746
0.026429
0.026136
0.026197
0.026063
0.026212
0.026240
0.026133
0.026088
0.026085
0.026285
0.028318
0.026182
0.026316
0.026133
0.026163
0.026159
0.026095
0.026084
0.026105
0.026436
0.026152
0.026112
0.026207
0.026184
0.026321
0.026147
0.026196
0.026140
0.026222
0.026214
0.026103
0.026240
0.026288
0.029203
0.026596
0.026210
0.026135
0.026105
0.026179
0.026122
0.026211
0.026100
0.030704
0.026351
0.026193
0.026093
0.026120
0.026197
0.026293
0.026146
0.026062
0.026144
0.026319
0.026168
0.026146
0.033383
0.026115
0.026096
0.026156
0.026156
0.026159
0.026131
0.026440
0.026133
0.026081
0.026134
0.026116
0.026310
0.026209
0.026073
0.026085
0.026129
0.026242
0.026131
0.028517
0.026178
0.026206
0.026134
0.026059
0.026161
0.026071
0.026127
0.026398
0.030295
0.026290
0.026090
0.026347
0.026125
0.026064
0.026131
0.026122
0.026276
0.026260
0.026088
0.026014
0.026255
0.026220
0.026074
0.026136
0.026086
0.026133
0.026101
0.026183
0.026186
0.026055
0.026137
0.028189
0.026164
0.026171
0.026063
0.026438
0.034073
0.026195
0.026096
0.026146
0.026104
0.026052
0.026303
0.026089
0.026091
0.026126
0.026177
0.026197
0.026071
0.026264
0.026097
0.026057
0.026061
0.026183
0.026127
0.026299
0.026234
0.026055
0.026373
0.026097
0.026097
0.026095
0.026168
0.028619
0.026217
0.026136
0.026141
0.026129
0.026086
0.026092
0.026100
0.026009
0.026137
0.026118
0.026116
0.026134
0.026258
0.026177
0.026103
0.026085
0.026067
0.026136
0.026365
0.026262
0.026039
0.026222
0.026294
0.026233
0.026103
0.026066
0.026148
0.033695
0.026122
0.026130
0.026127
0.028199
0.026252
0.026272
0.026104
0.026108
0.026048
0.026383
0.026137
0.026068
0.029379
0.026534
0.026566
0.026223
0.026069
0.026054
0.026144
0.026186
0.026047
0.026130
0.026087
0.026098
0.026284
0.026050
0.026204
0.026041
0.026187
0.026183
0.026119
0.026066
0.026078
0.026354
0.026282
0.028195
0.026260
0.026161
0.026351
0.026092
0.026105
0.026126
0.026148
0.026108
0.026215
0.026091
0.026125
0.026307
0.026139
0.026097
