0.107854
0.072627
0.072119
0.071979
0.072021
0.072274
0.079816
0.071878
0.071832
0.071979
0.072077
0.071942
0.072270
0.071950
0.072030
0.072069
0.072074
0.071976
0.071995
0.072046
0.072014
0.072080
0.072032
0.072106
0.072084
0.071988
0.071998
0.072033
0.072058
0.072032
0.071970
0.071973
0.071976
0.072092
0.072039
0.072050
0.072096
0.072043
0.072049
0.072031
0.072090
0.072029
0.072047
0.072111
0.072073
0.072070
0.071990
0.072162
0.071997
0.072022
0.071932
0.071962
0.071977
0.072103
0.071996
0.072017
0.072082
0.072103
0.072117
0.072006
0.071991
0.075554
0.071932
0.071935
0.072081
0.072160
0.072190
0.071993
0.072080
0.072056
0.072027
0.072035
0.071965
0.071986
0.071936
0.072032
0.072039
0.072015
0.071965
0.072011
0.071990
0.071983
0.072064
0.071980
0.072022
0.072065
0.072011
0.072014
0.072057
0.072057
0.072005
0.071992
0.071940
0.071912
0.071958
0.072091
0.072090
0.072003
0.072022
0.071973
0.072026
0.072041
0.071968
0.071971
0.072022
0.071966
0.072036
0.072068
0.072033
0.072041
0.072090
0.072044
0.072003
0.071951
0.072018
0.071982
0.077498
0.072048
0.072060
0.072146
0.072027
0.072018
0.072042
0.071964
0.072024
0.072001
0.072048
0.071983
0.072038
0.071952
0.072092
0.072144
0.081117
0.071834
0.071945
0.071876
0.071984
0.071946
0.072006
0.072005
0.072032
0.072048
0.072063
0.071989
0.072043
0.072094
0.072022
0.072009
0.071987
0.072001
0.072052
0.071975
0.072106
0.072069
0.071954
0.071938
0.072002
0.071961
0.072103
0.072061
0.072030
0.072075
0.071991
0.072013
0.072005
0.072022
0.072026
0.071988
0.072000
0.072047
0.072023
0.077349
0.071966
0.072191
0.072022
0.072006
0.071984
0.071894
0.071985
0.072070
0.072059
0.071999
0.072014
0.071981
0.072040
0.072057
0.071983
0.072046
0.071953
0.071987
0.072010
0.072017
0.072036
0.071949
0.072165
0.072033
0.071942
0.072059
0.071989
0.071976
0.072060
0.071974
0.072078
0.072045
0.071976
0.071977
0.072006
0.072052
0.072005
0.072018
0.071978
0.072019
0.072012
0.071968
0.072035
0.072087
0.072016
0.071879
0.071980
0.074413
0.072048
0.072060
0.072053
0.078782
0.079199
0.072059
0.076489
0.077469
0.071796
0.071937
0.074286
0.071926
0.071989
0.074517
0.080464
0.071956
0.072125
0.074317
0.072009
0.071991
0.071866
0.071888
0.072093
0.072071
0.072002
0.072043
0.072002
0.072026
0.072093
0.071951
0.072059
0.072035
0.072042
0.072056
0.072066
0.071991
0.071959
0.072103
0.072034
0.071840
0.071983
0.071849
0.071940
0.072014
0.071979
0.072093
0.071996
0.071970
0.071961
0.071958
0.071906
0.072093
0.071995
0.071904
0.072028
0.072032
0.071950
0.072128
0.072100
0.072068
0.075150
0.071962
0.071913
0.071954
0.071966
0.072046
0.072025
0.072027
0.072054
0.071955
0.071999
0.072020
0.072020
0.071955
0.071956
0.072046
0.072050
0.071939
0.071934
0.072135
0.071988
0.071997
0.072076
0.072075
0.071869
0.072079
0.072074
0.072061
0.072017
0.072026
0.072000
0.071963
0.072062
0.072090
0.072040
0.071941
0.072146
0.072072
0.072010
0.072024
0.072144
0.072052
0.071989
0.074761
0.072069
0.071838
0.072005
0.071921
0.071933
0.072014
0.072053
0.071956
0.072000
0.071886
0.072048
0.075282
0.071892
0.072066
0.072023
0.072030
0.071971
0.072126
0.071959
0.072003
0.071918
0.071957
0.072000
0.071963
0.071948
0.072084
0.072100
0.071920
0.072021
0.072034
0.072040
0.072063
0.072068
0.071978
0.071979
0.072020
0.072105
0.072080
0.072166
0.071884
0.072027
0.071992
0.071959
0.072037
0.072087
0.072035
0.072047
0.071877
0.072029
0.072037
0.071969
0.071981
0.072025
0.072069
0.072003
0.072083
0.072102
0.072110
0.071979
0.072170
0.072013
0.072006
0.071989
0.072018
0.072020
0.071960
0.077689
0.072131
0.072046
0.072023
0.071967
0.072100
0.071995
0.072122
0.072032
0.072038
0.072047
0.072202
0.072049
0.072046
0.072156
0.072062
0.072001
0.072031
0.072051
0.072017
0.071969
0.072126
0.071983
0.072059
0.072061
0.072138
0.071950
0.072055
0.072125
0.072039
0.072083
0.072113
0.072073
0.071971
0.072014
0.072308
0.072046
0.071977
0.072050
0.072001
0.072051
0.072024
0.072011
0.072040
0.072044
0.071982
0.072079
0.072053
0.072039
0.072087
0.071978
0.072043
0.072017
0.072040
0.072071
0.074974
0.072116
0.072082
0.071967
0.072003
0.072079
0.071966
0.072050
0.072075
0.072046
0.072031
0.072020
0.071870
0.071983
0.071984
0.071912
0.071959
0.072044
0.071973
0.071972
0.072049
0.072075
0.072069
0.072013
0.071994
0.071935
0.072010
0.071944
0.072009
0.072042
0.072059
0.072039
0.071989
0.072007
0.071929
0.072023
0.072101
0.072006
0.072021
0.072007
0.072038
0.072010
0.072033
0.072113
0.072070
0.072060
0.071977
0.072089
0.072002
0.072072
0.072007
0.072128
0.071935
0.072024
0.072061
0.075343
0.071985
0.072017
0.071976
0.071946
0.072041
0.072012
0.071924
0.071985
0.072088
0.071999
0.071912
0.071965
0.071992
0.071942
0.072031
0.072063
0.071980
0.072045
0.072044
0.071926
0.072026
0.072027
0.072034
0.072012
0.071980
0.072011
0.072025
0.072008
0.072034
0.072198
0.072087
0.071978
0.071986
0.071987
0.072071
0.072056
0.071994
0.072037
0.071962
0.072023
0.072085
0.071998
0.072010
0.071978
0.071958
0.072020
0.072059
0.072005
0.072035
0.072042
0.072033
0.072025
0.072057
0.071978
0.075059
0.072012
0.071982
0.072011
0.072123
0.072038
0.071998
0.071949
0.071976
0.072033
0.072070
0.071989
0.071963
0.072053
0.072089
0.071970
0.072054
0.072161
0.072016
0.072009
0.072045
0.071961
0.072010
0.072015
0.072000
0.072077
0.071982
0.072055
0.071980
0.072086
0.072006
0.071987
0.071990
0.072116
0.071953
0.071997
0.072016
0.071968
0.072146
0.071943
0.071964
0.071988
0.072017
0.072053
0.071978
0.072011
0.072079
0.072050
0.071965
0.071953
0.072075
0.072054
0.072027
0.072029
0.072092
0.074924
0.072024
0.072057
0.072048
0.072184
0.072148
0.071960
0.071979
0.072036
0.072070
0.072030
0.072032
0.072034
0.071929
0.072052
0.072050
0.072013
0.072055
0.071964
0.072098
0.071974
0.072180
0.072060
0.071945
0.072003
0.072183
0.071987
0.072006
0.071998
0.071990
0.071978
0.071947
0.071990
0.071989
0.072075
0.072035
0.072028
0.072022
0.071982
0.072091
0.071991
0.071965
0.072076
0.072017
0.072080
0.071999
0.072198
0.072014
0.071970
0.072040
0.072101
0.072049
0.072061
0.072102
0.072034
0.075016
0.072061
0.072036
0.072108
0.072009
0.072004
0.072092
0.072090
0.071968
0.072042
0.072064
0.071966
0.072167
0.072006
0.071924
0.072010
0.072028
0.071927
0.072008
0.071989
0.071984
0.072058
0.072020
0.071992
0.072091
0.072074
0.072047
0.072009
0.072000
0.071967
0.072092
0.072053
0.071964
0.072204
0.072045
0.071943
0.072032
0.072045
0.072042
0.072040
0.072050
0.071986
0.072044
0.072056
0.071999
0.072032
0.072144
0.071955
0.071978
0.072050
0.071989
0.072027
0.072026
0.072003
0.072168
0.074802
0.071850
0.072001
0.072034
0.072024
0.071942
0.072072
0.072003
0.072116
0.071981
0.072031
0.071988
0.072060
0.071986
0.072094
0.071955
0.072104
0.072050
0.072027
0.071993
0.072169
0.072033
0.071959
0.072046
0.071988
0.072055
0.072038
0.072005
0.072069
0.071941
0.072056
0.072013
0.071959
0.071919
0.071966
0.072098
0.072027
0.071986
0.072018
0.071956
0.072086
0.072185
0.071908
0.072016
0.072016
0.072018
0.072037
0.071954
0.072023
0.072046
0.072104
0.071987
0.072015
0.072088
0.071929
0.074927
0.072054
0.072001
0.072072
0.072041
0.072014
0.071989
0.074566
0.072236
0.072008
0.071946
0.072062
0.072002
0.071999
0.071903
0.072015
0.071999
0.072067
0.072015
0.072050
0.071949
0.072081
0.071978
0.072037
0.072069
0.072013
0.071941
0.071967
0.072102
0.071987
0.072023
0.071975
0.071959
0.071973
0.072103
0.072057
0.072053
0.072032
0.072010
0.072022
0.072044
0.072048
0.071950
0.071976
0.071968
0.072052
0.071962
0.071951
0.071990
0.072197
0.072040
0.071969
0.072030
0.071979
0.072021
0.075142
0.072125
0.072116
0.072162
0.071926
0.071953
0.072117
0.072034
0.071953
0.072043
0.072066
0.071993
0.072025
0.072011
0.071973
0.072118
0.072011
0.072004
0.071968
0.072012
0.072031
0.072045
0.072058
0.072032
0.071990
0.072070
0.071994
0.072022
0.072023
0.072095
0.071990
0.072002
0.072089
0.072123
0.071992
0.071987
0.072148
0.072005
0.072086
0.072073
0.072017
0.072060
0.072009
0.072048
0.072020
0.071996
0.071995
0.072059
0.072065
0.072020
0.072062
0.072054
0.072044
0.072024
0.072074
0.075252
0.072086
0.072110
0.072069
0.072055
0.071965
0.071963
0.072007
0.071953
0.072049
0.072007
0.072032
0.072022
0.072009
0.072051
0.072036
0.071986
0.072024
0.072066
0.072076
0.072007
0.072011
0.072078
0.072145
0.072043
0.072031
0.072194
0.072046
0.072032
0.072040
0.072041
0.072014
0.072110
0.071983
0.071966
0.072061
0.072033
0.072004
0.072109
0.071992
0.072094
0.071991
0.071985
0.072055
0.072136
0.072022
0.072031
0.071961
0.071944
0.072014
0.071961
0.072024
0.072014
0.071996
0.072019
0.076379
0.071968
0.071996
0.072065
0.071959
0.071945
0.072084
0.072030
0.071989
0.071956
0.072129
0.072043
0.072064
0.071968
0.072068
0.071974
0.071884
0.072046
0.072050
0.071988
0.072045
0.071910
0.071969
0.071998
0.071979
0.072004
0.072015
0.071945
0.071962
0.072002
0.071988
0.072150
0.072051
0.071926
0.071929
0.071971
0.071931
0.072000
0.072050
0.072039
0.072003
0.071950
0.071823
0.071977
0.071970
0.072050
0.071975
0.071972
0.072016
0.071989
0.071969
0.071986
0.072080
0.071969
0.071914
0.075321
0.071974
0.072027
0.072026
0.072002
