12.276646
12.916184
12.382491
12.205099
12.031131
11.970537
11.965867
11.975576
11.934963
11.924235
11.995184
12.017488
11.932604
11.931463
11.917772
11.923331
11.938190
11.913044
11.912717
11.926401
12.048625
11.974624
11.977153
11.945683
11.938913
11.937797
11.908477
11.918498
11.918173
11.945227
11.911608
11.925724
11.982113
11.919808
11.927139
11.921264
11.911459
11.954370
11.910228
12.012194
11.961270
11.939806
11.915606
11.923548
11.920715
11.906925
11.968868
11.935590
11.906848
11.919464
12.066809
11.981665
11.978951
11.951011
11.999337
11.967687
11.954045
11.923659
11.918093
11.930827
11.949731
12.073872
11.930546
11.939182
11.942155
11.923971
11.945494
11.957948
11.919835
11.931869
11.936353
11.968992
11.940235
11.970655
11.929322
11.940706
11.913470
11.921369
11.920049
11.940574
11.958659
11.916427
11.926213
11.899914
11.944030
11.939042
12.042620
11.986405
11.966142
11.949185
11.927457
11.917595
11.910891
11.923842
11.978560
11.953859
11.940290
11.964394
11.933811
11.917786
11.919713
11.950116
11.983069
11.989857
11.982074
12.029530
11.987338
11.961489
11.922225
11.933007
11.956854
11.986257
12.006477
11.956108
12.011784
11.912361
11.904576
11.919374
11.927379
11.983842
11.921658
12.033731
11.976720
11.932691
11.968109
11.985044
11.963010
11.987585
11.927515
11.930954
11.999835
12.049361
11.987778
11.938617
11.939029
11.937911
11.960229
12.036146
11.981208
12.051411
11.965943
12.028628
11.958681
12.000190
12.009584
11.921772
11.944591
11.921884
12.025550
11.931851
11.923379
11.934789
11.930644
11.910646
11.919270
11.938898
12.033713
11.946614
12.087404
11.972035
11.976069
11.984601
11.986249
12.018848
11.994164
12.023656
11.992108
11.979521
11.971559
11.933543
11.917802
11.929990
11.935623
12.002364
11.936860
12.080833
11.940494
11.946299
11.949758
11.933902
11.933989
12.009975
11.992654
11.959472
11.962223
11.932017
11.936728
11.940096
11.940186
11.948386
11.969409
12.065468
12.030209
12.003983
11.998746
11.947114
11.963094
11.940251
11.953924
11.982020
11.955091
11.996101
12.006731
11.977825
11.976002
11.925529
11.929620
11.972830
11.940359
12.013204
12.005523
11.984857
11.957207
11.923363
11.942409
11.972260
11.998752
11.968889
11.951784
11.924087
11.923100
11.919332
11.929223
11.915926
11.942010
11.974638
12.030052
11.911204
11.931467
11.927610
11.938385
11.930294
12.024852
11.983070
11.952726
11.964885
11.948083
11.933700
11.938670
11.929402
11.942415
11.968426
11.940115
11.937637
11.927609
11.947130
11.947408
11.943968
11.947077
11.930999
11.982459
12.082352
12.072793
11.998751
11.966202
11.928429
11.942946
11.928943
11.989791
11.934647
11.921844
12.003180
12.013132
11.969932
11.947111
11.946797
11.979955
11.932209
11.957503
12.011996
12.015902
11.938515
11.919563
11.930220
12.038526
12.027053
11.994278
11.979973
12.020184
11.974735
11.966868
11.942907
11.933318
11.990113
11.962643
11.962217
11.967309
12.032771
11.979451
11.954856
11.957809
11.973454
12.075215
11.964076
11.957133
12.025104
12.012285
11.942243
11.964987
11.946939
11.988542
12.037590
14.241924
222.039870
12.070359
12.057902
12.004370
12.000683
12.000933
11.981488
11.985369
12.082508
11.992503
12.001413
11.997829
11.978246
11.945391
12.110373
12.005908
11.949549
11.959024
11.991104
11.956197
11.947235
11.950107
11.978947
11.952272
12.060941
11.997740
12.013315
11.980571
11.968860
11.939834
11.933286
11.973186
11.981555
11.970126
12.078116
11.985515
11.983240
11.956119
11.945642
11.971301
11.944857
11.911512
11.948867
11.917675
11.956753
11.926923
11.931543
11.919252
11.957827
11.932210
11.937746
11.937717
12.073701
11.963677
11.942861
11.931805
11.936359
11.996399
11.925144
11.925960
11.930543
11.966614
12.043480
11.931996
11.957055
11.980372
11.930863
11.932358
11.932331
11.961918
11.934682
11.995324
11.988455
11.945190
11.997204
11.945154
11.959565
11.962564
11.958220
11.949232
11.944059
11.951996
11.962059
11.928963
11.949618
11.919536
12.019426
12.005569
11.972912
11.960345
11.913827
11.952685
11.927178
11.945256
12.000387
11.934396
11.943685
11.933149
11.931527
11.972258
11.954900
11.965253
11.945344
11.920282
11.940418
11.945719
11.986511
11.995397
11.996699
11.960063
11.926277
11.935192
11.940538
11.929415
11.937196
11.942457
12.109382
12.001464
11.992471
11.993675
11.936099
11.923914
11.969124
11.972441
12.011739
12.019400
11.976774
11.991796
11.935010
11.959033
11.946782
11.982309
12.028824
11.984179
12.002127
11.996981
11.969012
11.955697
11.950929
11.951197
11.953562
11.972780
11.992718
12.046567
12.010717
12.082187
12.019303
11.958840
11.965834
11.965995
11.962109
12.030576
12.022809
11.984497
11.984929
11.968230
11.968731
11.986835
11.984454
11.992332
12.060186
12.000259
11.981858
11.987049
11.993577
11.974623
11.991170
12.056222
12.052542
11.975616
11.951846
11.936896
11.936439
11.931185
12.020684
11.954776
11.977963
11.974518
11.995522
11.982540
11.952601
11.965769
11.949121
11.928733
11.947703
11.994384
12.001697
12.000200
11.990457
11.980632
11.973702
11.967985
11.977788
11.993252
11.975310
11.946011
11.959009
11.964064
11.992334
11.948468
11.949052
11.938111
12.010030
12.001044
12.000645
11.948459
11.931450
11.935759
11.943808
12.022170
12.020322
12.001685
11.967418
11.947592
11.943659
11.940228
11.954846
11.942641
12.026714
12.021384
11.988463
11.946544
11.935358
11.938175
11.950230
11.941265
11.947123
12.084926
11.978649
11.951824
11.939790
11.939051
11.945117
11.957398
11.939160
11.974225
12.032453
11.945560
11.959352
11.945804
11.945513
11.965846
11.997065
11.980728
12.011630
12.039255
11.964384
11.950442
11.943534
11.937850
11.950047
11.964067
11.948803
11.975242
11.931095
11.928377
11.945402
11.935995
11.936803
11.937864
11.970006
12.155318
11.952546
11.936595
11.937876
11.939006
11.971108
11.953497
11.956381
12.078157
12.039389
11.985645
11.974620
11.961888
11.979004
11.972499
11.959451
11.943083
11.984496
11.954642
11.965122
11.946380
11.947659
11.949740
11.957194
12.057426
12.037052
12.061305
12.011869
11.983867
11.998539
11.987988
12.058197
11.980914
11.946355
11.978711
11.954048
11.950423
11.951002
11.958392
11.956007
11.947885
12.030696
12.019314
11.990166
11.980144
11.963425
11.950074
11.976485
11.963406
11.948844
11.974546
12.097134
11.975628
11.981743
11.966902
11.958424
11.964125
11.964186
11.973816
11.966667
12.002500
12.046000
12.003998
12.006390
11.996693
12.007481
11.954523
11.974592
11.988879
11.954516
11.935944
11.965362
11.950294
11.941294
11.957668
11.928442
11.984333
12.024004
11.920124
11.946341
11.929012
11.939223
11.930409
11.946250
12.017088
11.933485
11.978504
11.934403
11.927491
11.945356
11.926026
11.938108
11.940119
11.954228
11.959673
12.015668
11.965994
11.918948
11.948776
11.923804
11.922228
11.944239
11.914910
11.971308
11.924696
12.005733
12.038423
11.961550
11.940111
11.956006
11.936641
11.950252
11.935405
11.936311
11.923398
11.915948
11.942302
11.925936
11.998295
11.964656
11.975109
11.920116
11.929975
11.939113
11.906022
11.917087
11.939831
11.905078
11.969883
11.948851
11.934588
12.049475
11.990615
11.970269
11.991526
11.956188
11.951088
11.957802
13.299175
265.782811
30.319816
20.122120
15.713738
13.403341
12.209593
11.924956
11.982213
11.955975
11.992734
12.046424
11.934557
11.911566
11.908552
11.925940
11.958984
11.932379
11.905092
11.931455
11.942084
11.924603
12.051264
11.983385
11.965831
11.985431
11.967762
11.946086
11.910998
11.885104
11.981049
12.002308
11.930430
11.927057
11.961878
11.941354
11.913094
11.926293
11.990494
11.940840
11.900822
11.908025
11.915095
11.956149
11.907958
11.915132
11.908363
11.908199
11.904289
11.950050
11.922083
11.945883
11.916414
11.913268
11.964967
11.974416
11.961740
11.926900
11.930674
11.918852
11.944323
12.023718
11.959177
11.968137
11.952527
11.968844
11.954287
11.949843
11.977628
11.994514
11.942068
11.953065
11.929301
11.929707
11.914262
11.918807
11.920742
11.963418
11.938645
11.935106
11.914362
11.900182
11.919968
11.956745
12.028847
11.973701
11.967035
11.919394
11.929559
11.908657
11.902818
11.887595
11.912079
11.910292
11.960704
11.907581
11.910378
11.927316
11.918022
11.907174
11.928649
11.982724
12.052100
11.968077
11.919415
11.937129
11.986194
11.974693
11.926463
11.936946
11.925132
11.956526
11.960809
11.910876
11.913545
11.911086
11.982473
11.985394
11.967640
11.994679
11.969962
11.984381
12.053398
11.956596
11.962970
11.965275
11.949225
11.964617
12.039192
12.003297
11.937261
11.931108
11.928931
12.003057
11.966804
11.983976
12.047440
11.981050
11.962857
11.936055
11.953937
11.933725
11.984613
11.999191
12.052929
12.044428
11.983937
11.993178
11.983918
11.957349
11.905527
11.913211
11.910898
11.957028
11.949444
11.951014
11.950121
11.954335
12.093723
11.977171
11.953946
11.972108
12.022298
11.987011
11.975155
11.984225
11.988559
11.987575
11.961908
11.953546
11.968091
11.944161
12.098247
11.955451
11.935431
11.937488
11.940879
11.957019
11.943238
11.979508
11.933103
11.977265
11.999833
12.010442
11.990236
11.942175
11.949008
11.947456
11.933578
11.889609
12.010988
11.958975
11.950883
11.936342
11.970256
11.932209
11.956801
11.977364
11.951548
11.997168
11.915225
11.916433
11.919657
11.915047
11.932866
11.942326
11.927840
11.974210
11.959622
11.915681
11.910372
11.920468
11.961266
11.914087
11.943486
11.908841
11.904030
12.020835
11.936625
11.909114
11.966924
11.944050
12.023553
11.970832
11.926470
11.919902
11.921069
11.943257
11.924368
11.924188
11.988583
11.953866
11.922144
11.913625
11.945980
11.977255
11.919635
11.926559
11.932656
11.985490
11.924061
11.917690
11.934487
11.935139
11.941253
11.915401
11.931205
11.939736
11.958411
11.952611
11.994856
11.988595
11.971571
11.965251
11.936552
11.967993
11.952517
11.907156
11.905125
11.907814
12.020747
11.926333
11.922595
11.929334
11.959919
11.924086
11.910125
11.919300
11.907261
11.894784
11.911510
11.939887
11.919355
11.952111
11.915148
11.899953
11.922452
12.008728
11.930273
11.921788
11.943324
11.944949
12.007122
11.917877
11.928292
11.925544
11.941515
11.926085
11.926389
11.920273
11.945415
11.903259
11.901444
11.931151
11.910017
11.900173
11.981030
11.986860
