0.078502
0.066356
0.066618
0.068460
0.065180
0.068336
0.066247
0.067744
0.067833
0.067592
0.065281
0.069323
0.068902
0.067843
0.068676
0.066997
0.068322
0.067366
0.067830
0.067773
0.067620
0.070284
0.065801
0.066311
0.068310
0.068404
0.066755
0.067471
0.066128
0.066328
0.067868
0.067483
0.066709
0.072459
0.068285
0.067167
0.068621
0.070133
0.066829
0.066931
0.066288
0.067548
0.065481
0.067160
0.065706
0.065659
0.066471
0.067208
0.065344
0.067464
0.069243
0.067896
0.067294
0.067487
0.068861
0.065633
0.066180
0.066784
0.065492
0.066528
0.067356
0.067235
0.066694
0.069672
0.063502
0.066386
0.064905
0.067546
0.066671
0.067640
0.066786
0.067288
0.065694
0.068206
0.064631
0.066458
0.068488
0.065663
0.068213
0.067670
0.065730
0.067026
0.065776
0.066700
0.065637
0.066129
0.066046
0.068702
0.067591
0.066352
0.066510
0.066505
0.067561
0.066802
0.067280
0.065328
0.066497
0.066913
0.066655
0.066645
0.067567
0.067856
0.066677
0.067545
0.066422
0.067413
0.066553
0.066773
0.068105
0.066866
0.068292
0.067625
0.067377
0.066990
0.069255
0.068765
0.068053
0.067692
0.066645
0.066962
0.067171
0.067018
0.066597
0.066530
0.067220
0.066650
0.067797
0.067175
0.067347
0.068335
0.066614
0.065357
0.066544
0.065194
0.065779
0.068056
0.067183
0.067030
0.067320
0.069729
0.067200
0.067032
0.065673
0.065406
0.070408
0.068374
0.066592
0.068347
0.068400
0.065705
0.065141
0.068736
0.068428
0.066853
0.066351
0.066279
0.065274
0.067158
0.066442
0.065477
0.065339
0.065494
0.067170
0.067285
0.067635
0.068092
0.064333
0.067078
0.066171
0.065462
0.067638
0.070323
0.066766
0.065844
0.068572
0.067420
0.065998
0.067049
0.068570
0.065358
0.067800
0.066558
0.067789
0.067784
0.066542
0.066251
0.066750
0.067578
0.067230
0.066438
0.067840
0.068435
0.066759
0.067186
0.067364
0.066187
0.067980
0.066740
0.066471
0.070942
0.068134
0.068136
0.067435
0.069582
0.070020
0.067818
0.065716
0.066164
0.066341
0.067952
0.066715
0.065228
0.066372
0.066488
0.067411
0.067722
0.069785
0.066630
0.068136
0.067562
0.066791
0.066854
0.067437
0.067360
0.068279
0.065867
0.066994
0.065889
0.066895
0.065683
0.067349
0.068758
0.067503
0.066035
0.067331
0.066537
0.067682
0.068538
0.066816
0.066486
0.068426
0.069165
0.066347
0.066963
0.069331
0.066248
0.066906
0.068708
0.066763
0.068564
0.068756
0.066279
0.068688
0.067812
0.069139
0.067322
0.066292
0.067813
0.066465
0.067908
0.068804
0.066398
0.068347
0.071124
0.069490
0.067213
0.067581
0.069144
0.067308
0.067455
0.067473
0.066951
0.068549
0.067252
0.065245
0.066427
0.066712
0.066412
0.066835
0.069528
0.067479
0.065872
0.068101
0.067197
0.066640
0.068117
0.067862
0.067614
1.149005
0.067323
0.066264
0.068132
0.069347
0.067218
0.068052
0.069604
0.067354
0.066804
0.069005
0.066748
0.067240
0.068577
0.067358
0.067824
0.066642
0.067522
0.066856
0.067287
0.066591
0.066382
0.067641
0.069626
0.067533
0.067080
0.068643
0.067359
0.067322
0.067993
0.069398
0.065827
0.066120
0.066984
0.066929
0.067222
0.067489
0.066480
0.066840
0.066887
0.066419
0.066473
0.066947
0.069274
0.068422
0.066072
0.067558
0.065796
0.067116
0.066768
0.067319
0.066526
0.067185
0.067091
0.067533
0.070692
0.067360
0.066117
0.066721
0.068791
0.065752
0.067224
0.066254
0.065526
0.067175
0.066390
0.067099
0.068015
0.068493
0.066372
0.067519
0.065590
0.066291
0.068253
0.067076
0.067665
0.066745
0.065956
0.067164
0.066345
0.064920
0.066859
0.065485
0.068241
0.067161
0.065744
0.067827
0.068197
0.065862
0.069178
0.064049
0.064576
0.064725
0.068460
0.065134
0.066943
0.068719
0.067790
0.065690
0.067922
0.066366
0.065327
0.066888
0.066649
0.066387
0.065604
0.071770
0.066380
0.067407
0.066469
0.066800
0.066646
0.065897
0.066680
0.065460
0.066723
0.065926
0.066069
0.067617
0.066909
0.068207
0.065715
0.067246
0.067325
0.065869
0.066914
0.067088
0.066688
0.068676
0.066629
0.066478
0.066780
0.068366
0.065359
0.066883
0.066236
0.065500
0.067411
0.067676
0.067781
0.066746
0.066496
0.067315
0.066086
0.069696
0.067392
0.066335
0.067253
0.066348
0.064379
0.069151
0.065454
0.066368
0.067540
0.066635
0.066646
0.066209
0.069841
0.068665
0.067426
0.066144
0.067629
0.066900
0.068220
0.064790
0.066944
0.067873
0.066961
0.068627
0.067520
0.070126
0.065297
0.069251
0.067364
0.068102
0.066937
0.065652
0.067074
0.067086
0.067264
0.066829
0.068223
0.069229
0.069718
0.068711
0.067069
0.068111
0.066180
0.066629
0.067508
0.067391
0.067058
0.068418
0.066358
0.068026
0.070121
0.068355
0.067817
0.066580
0.067949
0.067690
0.066397
0.070110
0.067995
0.068384
0.067226
0.065811
0.068272
0.069896
0.070906
0.069931
0.066798
0.067134
0.068197
0.068764
0.066434
0.065943
0.071752
0.068410
0.067412
0.067948
0.070206
0.069051
0.067267
0.064369
0.067738
0.067467
0.066149
0.067741
0.066704
0.068434
0.067162
0.066471
0.067067
0.066870
0.068089
0.067427
0.068917
0.066235
0.066656
0.068040
0.065011
0.066838
0.068746
0.067216
0.066586
0.070008
0.066219
0.069051
0.066703
0.066845
0.067280
0.068585
0.067388
0.068248
0.066041
0.067477
0.066788
0.068388
0.067399
0.068126
0.068702
0.068267
0.068123
0.065896
0.067093
0.066263
0.068289
0.066251
0.067584
0.066869
0.069070
0.068437
0.067269
0.065658
0.065554
0.064999
0.067991
0.066605
0.064959
0.066808
0.068224
0.066985
0.066535
0.066029
0.067224
0.069044
0.068067
0.067363
0.065480
0.070961
0.066184
0.067964
0.066396
0.065573
0.066431
0.067446
0.069318
0.067447
0.067292
0.066258
0.069142
0.066836
0.068520
0.067737
0.068555
0.071040
0.066089
0.067386
0.069177
0.070401
0.066399
0.066499
0.067586
0.065222
0.067785
0.067196
0.066149
0.067418
0.067952
0.069171
0.067331
0.070373
0.071237
0.066435
0.068703
0.067673
0.067094
0.069843
0.066911
0.067735
0.066342
0.067021
0.067130
0.068422
0.069193
0.067740
0.067524
0.065847
0.066249
0.067614
0.068933
0.066673
0.069257
0.068432
0.066506
0.065926
0.068766
0.069127
0.066439
0.067256
0.066372
0.066249
0.068278
0.068025
0.069525
0.066066
0.067383
0.067619
0.066391
0.067039
0.070186
0.068390
0.067997
0.067545
0.067973
0.065805
0.068095
0.069957
0.067539
0.068503
0.067018
0.066726
0.067942
0.070429
0.068315
0.067373
0.066559
0.068495
0.067905
0.066074
0.065476
0.067352
0.065382
0.067859
0.065281
0.067850
0.068437
0.065605
0.066605
0.067127
0.066453
0.067236
0.066543
0.071912
0.066375
0.067720
0.067484
0.067440
0.069756
0.067995
0.067229
0.067256
0.067793
0.066470
0.065963
0.067440
0.065679
0.065862
0.066258
0.067538
0.069911
0.069890
0.068274
0.067130
0.067893
0.067597
0.067007
0.067392
0.066115
0.067250
0.067421
0.067083
0.066983
0.066990
0.069673
0.066586
0.067636
0.066709
0.068403
0.068173
0.067737
0.066396
0.066743
0.066266
0.067433
0.067487
0.065450
0.068686
0.068733
0.068784
0.066756
0.065920
0.065637
0.067945
0.066032
0.066660
0.066564
0.066404
0.066621
0.069231
0.068280
0.067661
0.066433
0.067820
0.068207
0.068527
0.067033
0.068383
0.066841
0.067698
0.065835
0.069215
0.070061
0.066865
0.067032
0.065330
0.066440
0.067235
0.068668
0.066357
0.067429
0.067835
0.067034
0.066305
0.066236
0.069732
0.067169
0.067526
0.066753
0.069049
0.066829
0.067705
0.067288
0.068750
0.067996
0.067622
0.067415
0.067984
0.067239
0.068028
0.067264
0.067777
0.066236
0.067800
0.067460
0.067888
0.067150
0.066464
0.066031
0.066259
0.069372
0.068380
0.066973
0.066521
0.065686
0.068476
0.066881
0.067565
0.067659
0.067082
0.066984
0.067692
0.068077
0.070183
0.066383
0.067151
0.066334
0.066891
0.066700
0.065729
0.067058
0.067645
0.065994
0.065455
0.067509
0.065962
0.067795
0.066248
0.068266
0.067722
0.067587
0.067156
0.067790
0.065901
0.068732
0.068890
0.067124
0.069790
0.066245
0.064571
0.067414
0.069757
0.065705
0.067354
0.066641
0.067917
0.067435
0.067632
0.068479
0.066611
0.067903
0.069916
0.069252
0.066351
0.067077
0.066648
0.067492
0.068453
0.069204
0.067158
0.069273
0.068405
0.069923
0.068468
0.069120
0.069616
0.068058
0.067450
0.067816
0.068018
0.067070
0.068158
0.067631
0.068300
0.065533
0.067948
0.067050
0.070027
0.068994
0.067843
0.067609
0.066956
0.067317
0.068005
0.068062
0.067009
0.066924
0.067658
0.067710
0.071662
0.066822
0.066595
0.068079
0.068837
0.068034
0.068966
0.066828
0.065703
0.066977
0.067579
0.069904
0.067562
0.069450
0.069376
0.067671
0.065326
0.066225
0.065407
0.070679
0.067022
0.067317
0.069870
0.067065
0.066557
0.068485
0.070156
0.068037
0.067381
0.066164
0.069472
0.066066
0.066137
0.065877
0.067465
0.069513
0.067803
0.068402
0.069158
0.069801
0.066022
0.069458
0.065873
0.068273
0.067624
0.068460
0.066018
0.069337
0.065587
0.066709
0.067183
0.068588
0.067038
0.067663
0.066401
0.066874
0.065853
0.067321
0.067897
0.065799
0.068406
0.067322
0.067554
0.067692
0.069752
0.066627
0.065642
0.065883
0.069740
0.068640
0.067939
0.067498
0.067724
0.066936
0.066370
0.064099
0.068057
0.069031
0.066363
0.065212
0.066419
0.065811
0.068094
0.066179
0.068411
0.066637
0.067156
0.065923
0.068908
0.066193
0.069109
0.065506
0.067647
0.065764
0.066389
0.066291
0.068468
0.066943
0.067181
0.065786
0.067577
0.065580
0.069544
0.067355
0.066693
0.066891
0.066693
0.066065
0.068244
0.067049
0.066901
0.067459
0.065551
0.066082
0.070305
0.068718
0.067756
0.065365
0.066523
0.066092
0.065688
0.066839
