51.449577
51.413888
51.412369
51.393100
51.440408
51.345350
51.463466
51.442351
51.422892
51.483899
51.356281
51.395336
51.456247
51.438000
51.455512
51.348714
51.400616
51.398160
51.451379
51.351621
51.630093
51.409544
51.416692
51.401441
51.367775
51.343598
51.417866
51.374944
51.519745
51.374950
51.414260
51.750121
51.345139
51.383303
51.423314
51.484443
51.358866
51.393608
51.494857
51.427652
51.467398
51.376774
52.690151
51.526629
51.330711
51.446720
51.340353
51.430795
51.452944
51.385675
51.501042
51.354125
51.436827
52.654559
51.375650
51.404863
51.468449
51.427145
51.341991
51.475507
51.300620
51.396553
51.375092
51.414189
52.681118
51.435067
51.356593
51.489460
51.340033
51.440767
51.478725
51.378052
51.447256
51.363642
51.422580
51.434478
51.396193
51.395089
51.538777
51.465847
51.395987
51.450689
51.441551
51.438997
51.436317
51.416070
51.398500
51.400005
51.480384
51.443294
51.395722
51.434914
51.438503
51.412214
51.343446
51.443812
51.429961
51.482830
51.366645
51.390708
51.504585
51.419628
51.457735
51.429577
51.457472
51.468523
51.456897
51.432536
51.378706
51.432466
51.408947
51.677359
51.482249
51.323633
51.444650
51.390187
51.418438
51.391980
51.447712
51.450391
51.402277
51.434719
51.710981
51.409239
51.413069
51.434706
51.405288
51.406659
51.430807
51.403885
51.471218
51.408974
51.439091
52.746197
51.459929
51.325949
51.386608
51.425635
51.443523
51.365680
51.429695
51.472106
51.355018
51.412983
52.641632
51.400260
51.336702
51.426851
51.340401
51.366223
51.340080
51.353288
51.421561
51.373512
51.427710
52.678494
51.434830
51.410565
51.348987
51.434166
51.441258
51.416063
51.404315
51.428020
51.406196
51.378511
51.414878
51.400087
51.442384
51.365692
51.457417
51.413362
51.380413
51.436308
51.421070
51.437430
51.373332
51.485457
51.380476
51.470786
51.702288
51.403608
51.408414
51.400276
51.442821
51.422268
51.366658
51.457951
51.454408
51.438456
51.338125
52.667679
51.380459
51.399758
51.477261
51.360310
51.469219
51.424355
51.425219
51.403650
51.387312
51.452930
52.673249
51.442305
51.405770
51.368404
51.396368
51.473651
51.557771
51.417947
51.375216
51.436169
51.424132
52.625346
51.462124
51.471234
51.493056
51.459238
51.463950
51.387406
51.530705
51.379712
51.461798
51.389667
51.435075
51.344446
51.406023
51.489798
51.353912
51.473287
51.472641
51.479504
51.417998
51.414629
51.378620
51.333059
51.437464
51.439623
51.670326
51.397016
51.387836
51.460131
51.453454
51.389250
51.444776
51.424891
51.373889
51.392745
51.491928
52.712624
51.400778
51.411172
51.490048
51.470398
51.438352
51.389488
51.404049
51.463271
51.407145
51.454922
52.758036
51.411823
51.436984
51.420121
51.508357
51.459413
51.407756
51.446038
51.439096
51.403350
51.409091
52.762990
51.410718
51.348730
51.506422
51.393333
51.503459
51.440943
51.497664
51.390417
51.325198
51.436827
52.741858
51.455622
51.384064
51.525440
51.455391
51.380217
51.388326
51.442812
51.358267
51.428125
51.472411
51.407618
51.392108
51.453961
51.375134
51.461835
51.436689
51.425485
51.465822
51.382896
51.417770
51.412375
51.392418
51.432229
51.389175
51.658089
51.447015
51.497399
51.453039
51.426695
51.476999
51.444664
51.459783
51.350003
51.459453
51.345266
51.704319
51.455782
51.383013
51.415998
51.365460
51.384255
51.422865
51.351176
51.488725
51.387280
51.448112
52.710308
51.466914
51.363397
51.356430
51.442715
51.456755
51.388162
51.436946
51.422012
51.421537
51.419321
52.614211
51.844178
51.480859
51.371984
51.405112
51.423733
51.484805
51.396946
51.337318
51.437768
51.434004
52.702267
51.483093
51.431593
51.422133
51.367831
51.433519
51.439667
51.430353
51.435495
51.436332
51.443771
52.742140
51.353747
51.364702
51.490804
51.406462
51.356859
51.464142
51.399628
51.363010
51.472966
51.414490
52.592426
51.332006
51.360276
51.427228
51.406945
51.393002
51.424743
51.442988
51.394199
51.385774
51.431274
52.667480
51.405059
51.461393
51.467000
51.454525
51.427440
51.523491
51.418743
51.438635
51.432278
51.385766
51.439088
51.409736
51.435204
51.461590
51.457204
51.460459
51.449387
51.419991
51.374491
51.476440
51.344958
51.426007
51.545541
51.383020
51.629868
51.373974
51.453162
51.395910
51.469334
51.422274
51.433290
51.429238
51.416361
51.481913
51.469543
52.668268
51.517504
51.535290
51.542948
51.453391
51.452504
51.491639
51.365977
51.428876
51.463667
51.401479
52.728964
51.424986
51.459711
51.413751
51.395107
51.495153
51.369834
51.528209
51.467644
51.411708
51.463153
52.735203
51.502749
51.507627
51.504989
51.434307
51.524819
51.443111
51.434614
51.492936
51.464773
51.509141
52.727617
51.436634
51.480834
51.411069
51.457162
51.401314
51.470192
51.480653
51.439998
51.427687
51.430146
52.630266
51.383312
51.389277
51.418585
51.496678
51.484444
51.399720
51.456591
51.423682
51.429746
51.454618
51.414560
51.482710
51.424066
51.638532
51.429023
51.353952
51.499625
51.419720
51.476222
51.461160
51.412260
51.402115
51.522119
51.461910
51.629701
51.424444
51.433438
51.335090
51.449435
51.406268
51.446427
51.516994
51.515165
51.374327
51.488581
52.623405
51.527812
51.528772
51.416227
51.414816
51.436640
51.408840
51.413598
51.415476
51.409227
51.424639
52.667538
51.524979
51.486327
51.512988
51.446329
51.507806
51.512647
51.406181
51.400544
51.438347
51.443912
52.628141
51.484384
51.454413
51.396844
51.467779
51.463728
51.494971
51.416695
51.497340
51.414511
51.446337
51.426889
51.379466
51.472040
51.392063
51.496822
51.479360
51.420095
51.384606
51.457881
51.427711
51.428773
51.482961
51.385138
51.389766
51.524792
51.360913
51.492497
51.453188
51.367938
51.462006
51.416612
51.575428
51.509623
51.371791
51.535753
51.523301
51.472765
51.450080
51.483281
51.389043
51.432033
51.403642
51.441844
51.451222
51.444222
51.524559
51.543482
51.344140
51.499784
51.403344
51.441963
51.466209
51.472442
51.412429
51.472889
51.517888
51.374111
52.732989
51.409362
51.436155
51.451945
51.451776
51.493739
51.385804
51.460896
51.519017
51.411642
51.358715
52.678026
51.488358
51.424285
51.403506
51.447868
51.342771
51.562366
51.419772
51.435760
51.429836
51.441440
52.736682
51.511613
51.453750
51.405765
51.432959
51.477081
51.426263
51.540344
51.335702
51.479590
51.389879
52.635028
51.356795
51.407270
51.445156
51.486559
51.339125
51.415991
51.439818
51.496563
51.507731
51.446408
52.642071
51.460160
51.482584
51.449665
51.423949
51.465824
51.358815
51.452357
51.436064
51.482609
51.461236
51.581658
51.434579
51.475277
51.508078
51.433086
51.503758
51.457372
51.504592
51.423668
51.464091
51.487775
51.445043
51.456955
51.476072
51.553422
51.507282
51.395746
51.399742
51.426244
51.514870
51.402417
51.392973
51.469769
51.436027
51.472674
51.716049
51.418965
51.363073
51.452414
51.430982
51.430012
51.449978
51.442038
51.371984
51.482466
51.392948
52.739628
51.451087
51.452386
51.410521
51.416510
51.485981
51.417791
51.437195
51.472245
51.413502
51.467367
52.618615
51.531094
51.383196
51.482784
51.500218
51.406462
51.440086
51.433828
51.521268
51.408188
51.351085
52.612140
51.409418
51.427976
51.444563
51.450705
51.436843
51.446573
51.462996
51.499540
51.532830
51.416139
51.486236
51.468246
51.439075
51.478203
51.443461
51.502722
51.372905
51.447114
51.408708
51.540538
51.486501
51.464644
51.458755
51.446582
51.486860
51.438065
51.330790
51.422064
51.457453
51.403049
51.442662
51.386806
51.451560
51.459784
51.375731
51.723908
51.496409
51.461557
51.368770
51.371488
51.448725
51.454496
51.444490
51.463559
51.394400
51.547220
52.686135
51.465883
51.356316
51.466711
51.365882
51.464878
51.482892
51.503982
51.468105
51.394336
51.510767
52.704018
51.465518
51.498153
51.489801
51.451047
51.478594
51.542345
51.483807
51.406691
51.412105
51.453350
52.680165
51.454292
51.444986
51.447255
51.340878
51.466444
51.452626
51.536869
51.488744
51.394486
51.473542
51.432743
51.569773
51.356650
51.486624
51.448866
51.397196
51.523785
51.524204
51.426411
51.440827
51.365286
51.425086
51.473176
51.482113
51.540443
51.396395
51.410803
51.479738
51.524393
51.434412
51.525934
51.502566
51.393661
51.448468
51.436638
51.734308
51.419539
51.475945
51.432155
51.417425
51.430870
51.386057
51.444072
51.469059
51.494700
51.428884
51.675338
51.427294
51.476583
51.423088
51.485482
51.474917
51.434924
51.386481
51.480739
51.447717
51.481502
52.633562
51.503883
51.531105
51.521680
51.443945
51.415087
51.434691
51.403969
51.525235
51.404690
51.468298
52.820573
51.451345
51.533706
51.451687
51.541349
51.395039
51.449664
51.495151
51.685582
51.502016
51.466938
52.723279
51.461821
51.439105
51.435697
51.458550
51.430184
51.416004
51.509907
51.456611
51.442112
51.443782
52.724120
51.389344
51.468296
51.533917
51.420318
51.539127
51.415472
51.418790
51.463225
51.474744
51.432312
51.409832
51.517622
51.468855
51.566869
51.442588
51.494181
51.467818
51.378244
51.450332
51.514326
51.472524
51.446707
51.431817
51.516612
51.690789
51.477267
51.483229
51.375490
51.470722
51.405030
51.397016
51.519102
51.417211
51.514299
51.390978
52.751279
51.446954
51.542786
51.447500
51.457347
51.445744
51.433386
51.442309
51.371694
51.536312
51.473162
52.604996
51.511373
51.420567
51.446624
51.412837
51.518263
51.490149
51.447269
51.534787
51.374661
51.504452
52.611772
51.459992
51.468271
51.481754
51.427635
51.482081
51.521707
51.408014
51.456443
51.407803
51.549638
52.718059
51.482779
51.562297
51.460011
51.439202
51.489752
51.487360
51.549823
51.450642
51.473795
51.466789
51.501986
51.466563
51.441249
51.496269
51.450066
51.418143
51.421425
51.514331
51.464632
51.627310
51.508389
51.485912
51.451658
51.457862
51.688777
51.456408
51.449715
51.468976
51.410364
51.478730
51.471504
51.422744
51.464543
51.483814
51.384299
52.842470
51.466290
51.451434
51.561056
51.399699
51.486106
51.415188
51.476157
51.567876
51.435474
51.490790
52.702469
51.510979
51.382111
51.572996
51.500489
51.394830
51.460163
51.452769
51.505412
51.456578
51.469506
52.726728
51.457278
51.512823
51.455453
51.520466
51.412471
51.477313
51.515757
51.430068
51.481894
51.444765
52.685412
51.353889
51.455167
51.458388
51.403819
51.470912
51.408794
51.481289
51.447790
