121.308431
136.752961
136.467142
136.545883
136.519289
136.639119
136.546478
136.441679
138.382751
1899.659998
137.420112
136.841575
137.113176
137.217682
137.223486
137.423366
137.345877
137.157062
137.452797
137.352633
137.288548
137.258811
137.485286
137.353950
137.246097
137.513001
137.501345
137.152972
137.253943
137.064355
137.670411
137.459021
138.478842
137.353880
137.578319
137.334418
137.232343
137.168501
138.211337
137.227454
137.506719
137.404023
137.378498
137.574731
137.550935
137.462441
137.359894
137.255944
137.573778
137.334063
137.083230
137.442217
137.263535
137.445118
137.418481
137.254525
137.217880
137.235461
137.672244
137.462656
137.402814
137.645191
137.244301
137.616063
137.804357
137.580192
137.493155
137.629701
139.489594
1693.426642
137.502238
137.261163
137.338586
137.606088
137.576508
137.430757
137.995468
137.920931
137.812929
137.803391
137.674718
137.546882
137.700878
137.691933
138.025353
137.471292
137.566186
137.538226
137.946664
137.572796
137.648801
137.524409
137.876023
138.972294
2003.734212
137.410558
137.726024
137.662950
137.479326
137.225616
137.151431
137.419842
137.376976
137.262686
137.328014
137.498448
137.639889
137.623818
137.297065
137.710319
137.331543
137.899464
137.440443
137.462941
137.761849
137.669310
139.369353
1901.370227
137.582152
137.391587
137.481771
137.830296
137.475908
137.495956
137.401885
137.609929
137.614984
137.504750
137.555985
137.351520
137.701446
137.745289
137.626724
137.690701
137.637236
138.075846
137.690375
138.007323
137.509157
139.098847
1823.389805
137.870559
137.529567
137.286647
137.519565
137.601865
137.569795
137.756528
137.346814
137.605499
138.024483
138.093374
137.619245
137.557261
137.615299
137.831236
137.737056
137.826242
138.142944
137.581106
137.852979
137.901824
137.711626
139.655574
1800.898003
137.094659
137.534851
137.210105
137.190858
137.099129
137.130417
137.114587
137.080411
136.991628
136.874908
137.049277
137.554585
137.306543
137.244355
137.041045
137.022562
137.102035
137.181499
137.139699
137.108544
137.067150
137.290763
137.247645
138.686974
137.089501
137.118050
137.281129
137.452018
137.049610
137.050142
137.130142
137.432139
137.136314
136.952358
136.904102
136.950523
137.257876
137.173682
136.970181
136.948966
136.988341
137.218168
137.264264
137.090966
137.079254
137.295549
137.357554
137.427417
137.324193
137.144835
136.853157
136.972433
137.418338
137.105953
137.111586
136.991308
137.394084
137.281792
137.307969
139.206601
1845.425501
137.402176
137.159803
137.031371
137.118964
137.051705
137.319765
137.206560
137.430717
137.032213
137.111050
137.361634
137.020606
136.967220
136.678815
137.198011
137.728599
137.146813
137.297993
137.062851
137.360415
137.027647
137.156922
138.669260
1761.316429
137.830615
137.519896
137.634462
137.433270
137.350915
137.607041
138.109424
209.130713
137.829871
137.684784
137.514276
137.476789
137.541226
137.177452
138.425864
137.522913
137.685992
137.361840
137.165200
137.904551
137.602119
137.557917
139.114194
1767.703173
137.362525
137.232855
137.282121
137.331259
136.999982
137.236980
137.285000
137.063870
137.153625
137.029762
137.387640
137.281153
137.318465
137.025074
136.956770
137.279525
137.228797
137.105041
137.149344
136.877276
137.404514
137.369367
137.171295
138.102732
137.441360
137.359404
137.253473
137.106727
137.041582
137.370420
137.418292
137.155659
136.996767
137.350630
137.323732
137.062047
137.144289
137.131621
137.243911
137.331756
137.279349
137.126765
137.080641
136.978463
137.532395
137.322552
137.223025
137.390886
137.256747
137.289414
137.190686
137.011332
137.299159
137.070070
137.366126
137.013399
137.598864
137.128328
137.065808
139.095162
1801.789753
137.865924
137.654760
137.679892
137.721876
137.824337
137.605288
137.628789
137.373154
137.708676
137.679338
137.860008
137.527519
137.568775
137.975664
137.959232
138.300278
137.856334
138.144251
137.879650
137.764729
137.889318
137.453102
139.544788
2122.742527
137.528749
137.438812
137.238661
137.042383
137.231325
137.186439
137.124052
137.022557
137.031429
137.151817
137.359166
137.303870
137.096932
137.054630
137.658311
139.366372
1845.570161
137.665804
137.524101
137.650240
137.510534
137.644985
139.878442
1371.491816
137.160850
137.103129
137.349112
137.120884
137.042136
137.039497
136.840780
137.265414
137.084407
137.246299
136.905793
137.161420
137.220873
137.250415
137.020385
136.900932
137.018989
137.399439
137.104515
137.143098
137.018742
137.373307
136.999472
137.162660
136.893921
138.675879
1842.701709
137.610109
137.511918
137.587097
137.376945
137.700366
137.321387
137.288727
137.402371
137.476584
137.647955
137.684244
137.763084
137.603794
137.171280
137.891963
137.448131
137.846901
137.484780
137.642070
137.645133
137.781534
137.631295
139.230634
1909.854237
138.124579
137.650136
137.634890
137.612152
137.399172
138.020664
137.772623
137.558861
137.695983
137.537348
137.854932
137.686939
137.690562
137.469368
137.589525
137.736824
137.826995
137.596003
137.720151
137.387378
137.973604
138.160935
138.422773
137.935094
137.882142
137.671900
137.667258
137.450428
137.973458
138.124727
138.002101
137.689333
137.943904
137.827415
137.647954
137.641946
137.646456
137.788536
137.998875
137.595308
137.906886
137.428188
137.880600
137.788704
137.833763
137.720457
137.578915
137.526143
137.880589
137.654495
137.839731
137.328693
137.511696
137.944509
137.864556
137.594272
137.559388
137.502737
139.365836
1695.742598
136.966977
137.116656
137.230024
137.303609
136.935163
137.460652
137.025420
137.063558
137.326564
137.188262
137.145290
137.042007
137.013686
137.321185
137.183191
137.137703
137.145374
137.063613
137.305784
137.253012
137.319583
137.144618
137.101226
138.917033
2390.732774
137.584273
137.347550
137.112123
137.343978
137.208676
137.136243
137.281045
137.275080
137.327801
137.057799
136.996910
137.250060
137.210042
137.122730
136.756772
137.184772
137.075314
137.538824
139.408964
1733.142808
136.983189
137.264650
137.322941
137.548917
137.093374
137.304383
137.589476
137.528964
137.203831
137.539024
137.515455
137.240374
137.493880
137.058612
137.129439
137.517533
137.292927
137.410628
137.400981
137.114599
137.469911
137.341485
137.245135
139.151041
1138.847229
137.411694
137.364835
137.281290
137.097955
137.046416
137.366963
137.333743
137.082438
137.526031
190.713913
137.491740
137.107780
136.988085
136.983664
137.078900
137.188685
137.703937
137.625376
137.165579
136.985757
137.239193
137.298379
137.401158
137.440671
137.171924
137.413652
138.891274
1844.959369
137.004828
137.013328
137.461020
137.185074
137.025411
136.807355
137.212588
137.052824
137.352340
137.277594
137.185362
136.921348
136.893173
137.222552
137.292626
137.058437
137.174088
137.423821
137.292984
137.311934
137.152254
137.144580
138.636940
1874.741929
137.211060
137.068860
137.449170
137.016538
137.587021
137.299565
137.388283
136.950921
137.232479
137.203126
137.469559
137.116883
137.237203
137.245020
137.642883
137.302733
137.554988
137.064444
137.240362
137.371108
137.868412
137.435724
138.941882
1853.978282
137.508400
137.305113
137.523156
137.189777
137.310100
137.479677
137.605538
137.476055
137.467710
137.495183
137.647968
137.386912
137.777528
137.389579
137.602347
137.798117
137.739767
137.547871
137.663990
137.298145
137.841546
137.726298
139.227420
1788.941664
137.313142
137.531221
137.499717
137.222419
137.592837
137.839758
137.854052
137.549825
137.291789
137.456169
138.070550
137.351291
137.819845
137.326407
137.371798
137.456214
137.442675
137.470607
137.430909
137.214841
137.818013
137.502570
139.107479
1735.948780
137.605111
137.326089
137.360169
137.237401
137.749642
137.545455
137.581094
137.527656
137.509396
137.281225
137.355672
137.382975
137.031233
137.389316
137.032972
137.574305
137.366627
137.372341
137.348285
137.141322
137.616947
137.413070
137.174891
138.864292
1790.767608
137.332761
137.495814
137.348241
137.273448
137.477833
137.529713
137.466898
137.404265
137.376551
137.632305
210.555069
137.642344
137.592305
137.671375
137.304406
137.656906
137.711483
137.661775
137.610226
137.348334
137.868083
137.459506
138.705929
1926.915844
137.368761
137.798008
137.806340
137.376485
137.342278
137.089795
137.243296
137.433580
137.534577
137.361368
137.279393
137.397089
137.547417
137.283361
137.695875
137.287947
137.647959
137.671202
137.754176
137.262392
137.413879
139.082912
1766.704581
137.652561
137.669732
137.345490
137.501508
137.755787
137.820105
137.438364
137.476723
137.447459
137.726234
137.681552
137.898416
137.454433
137.703098
137.876317
137.669094
137.745048
137.338062
137.435234
138.001899
137.489482
137.570116
137.393271
139.413825
1820.133691
137.662310
137.644757
137.653283
137.272787
138.082806
137.708978
137.484908
137.533522
137.508919
137.735514
137.541245
137.595680
137.433683
137.763012
137.857516
137.987047
137.930002
137.624584
137.696203
137.813627
137.748488
137.485387
139.938683
1898.009849
137.922942
137.720410
137.858862
137.414398
138.142492
138.348466
137.596076
137.567201
137.547153
137.738639
137.642934
137.726639
137.468985
137.339513
137.703238
137.535566
137.516787
137.451826
137.560882
137.797421
137.783277
139.432593
1824.448679
137.555353
137.766882
137.643029
137.447536
137.866351
137.657317
137.729681
137.404107
137.568968
137.402900
137.695763
137.685116
137.859175
137.484573
137.378688
137.547326
137.624838
137.419362
137.390449
137.202676
137.688964
137.380679
139.133490
1933.281157
137.262865
137.833715
137.213604
137.893185
137.378577
137.416955
137.482897
137.541722
137.491673
137.506240
137.486553
137.774266
137.603964
137.527146
137.457679
137.732226
244.850732
137.885398
137.663731
137.711584
137.326382
139.191858
1923.102157
137.750000
137.680206
137.494974
137.898870
138.079357
137.779601
137.661853
137.500641
137.470515
137.774294
137.939726
137.772205
137.651949
137.757273
137.807060
137.667172
137.854875
137.636700
137.539557
138.353963
138.016138
139.302252
1811.973528
137.499901
137.910172
137.796545
137.739650
137.637955
137.593960
137.926295
137.751260
137.559236
137.591319
137.730757
137.922681
137.783029
137.985459
137.504565
137.744089
137.914494
137.794243
137.759262
137.540526
137.546056
137.924838
139.469704
1991.302155
137.437377
137.592851
137.797039
137.780799
137.629753
137.667325
137.587301
137.845855
138.100183
137.748803
137.675268
137.772530
137.862768
137.762844
137.588306
137.551719
137.569584
137.907610
137.880022
138.063123
137.784966
139.454935
1859.034911
137.729208
137.556474
137.601854
137.349657
137.741150
137.638804
137.533479
137.487868
137.591215
137.782049
137.206223
137.200984
137.100836
137.796418
137.520111
137.441591
137.404313
137.252089
137.501032
137.344954
137.451439
137.362693
139.094647
1959.729034
137.562620
137.520457
137.152755
137.431094
137.519935
137.133421
137.704416
137.651098
137.735680
137.476271
137.541606
137.146250
137.399807
137.496328
137.650053
137.499938
137.287068
137.441194
137.349021
137.719660
137.339190
138.912810
1774.703949
137.560581
137.468852
137.655869
137.186109
