5.234678
5.247131
5.246284
5.210726
5.207241
5.218174
5.204787
5.228733
5.226677
5.203071
5.209765
5.216121
5.272433
5.229568
5.202325
5.240777
5.206478
5.213221
5.223833
5.235724
5.228104
5.207873
5.188329
5.182235
5.211968
5.215822
5.222000
5.210669
5.211561
5.207879
5.203271
5.208344
5.189063
5.223469
5.271639
5.221727
5.217052
5.218265
5.233549
5.204147
5.198428
5.210583
5.204118
5.214899
5.214689
5.218731
6.305847
5.216539
5.206054
5.190801
5.221272
5.202452
5.216922
5.228552
5.213799
5.215465
5.199414
5.217765
5.226920
5.210872
5.197467
5.195444
5.214722
5.221594
5.241337
5.200100
5.208353
5.199096
5.190160
5.219183
5.187428
5.195656
5.208947
5.192288
5.206962
5.200534
5.219335
5.187898
5.210422
5.207231
5.223156
5.224016
5.192550
5.212824
5.219925
5.201641
5.200627
5.218833
5.186392
5.215015
5.244312
5.215040
5.203171
5.219771
5.227515
5.227923
5.184130
5.204702
5.217219
5.209604
5.203902
5.200288
5.213815
5.216119
5.224456
5.194759
5.253206
5.198356
5.215519
5.219430
5.196870
5.208433
5.204284
5.211418
5.224403
5.211345
5.217942
5.212081
5.198194
5.210337
5.195732
5.259179
5.204451
5.201564
5.211541
5.193099
5.192791
5.256931
5.211426
5.225434
5.209401
5.192165
5.196163
5.194476
5.203949
5.210057
5.236773
5.196393
5.200652
5.198575
5.208069
5.212958
5.179053
5.204613
5.202214
5.210620
5.204918
5.209381
5.197949
5.209911
5.216213
5.217497
5.206338
5.206140
5.226757
5.210741
5.237232
5.215240
5.207710
5.207674
5.210771
5.203259
5.218895
5.209830
5.194350
5.200193
5.189083
5.190500
5.190268
5.211686
5.213971
5.202072
5.188246
5.260967
5.217288
5.199295
5.186448
5.227589
5.207994
5.198905
5.212650
5.220154
5.213034
5.195331
5.205000
5.213724
5.207151
5.224799
5.227045
5.221417
5.209475
5.192845
5.193900
5.210148
5.228058
5.198194
5.203509
5.213123
5.194859
5.205739
5.230455
5.237293
5.190814
5.214023
5.236396
5.196490
5.209676
5.212258
5.212939
5.225180
5.214484
5.213774
5.216231
5.221590
5.199860
5.202423
5.213100
5.214377
5.194253
5.211154
5.238624
5.212047
5.217529
5.194749
5.194356
5.206921
6.313548
5.214199
5.234152
5.192724
5.205921
5.201900
5.203642
5.193372
5.197081
5.185667
5.210762
5.198931
5.201508
5.198809
5.201887
5.203315
5.219164
5.186870
5.221231
5.218199
5.221269
5.201123
5.216148
5.242620
5.208858
5.205709
5.213983
5.260968
5.226145
5.211336
5.214942
5.241127
5.197015
5.216500
5.199484
5.197559
5.242967
5.220913
5.196970
5.256780
5.217388
5.207668
5.215038
5.209197
5.226528
5.224982
5.205138
5.212155
5.200834
5.202897
5.192802
5.194853
5.197496
5.198445
5.225450
5.203649
5.199397
5.216842
5.206425
5.211211
5.194882
5.214823
5.220671
5.185842
5.218480
5.221973
5.214098
5.205046
5.223553
5.202334
5.227640
5.176955
5.182873
5.225096
5.191099
5.189215
5.205376
5.217214
5.222461
5.210049
5.209699
5.212263
5.208448
5.188694
5.217715
5.206290
5.221330
5.193452
5.205846
5.208663
5.228586
5.200584
5.184720
5.201319
5.219560
5.227156
5.242111
5.202549
5.205246
5.210689
5.182272
5.212119
5.211538
5.191158
5.202122
5.212186
5.209236
5.191473
5.210758
5.215595
5.233586
5.262800
5.209631
5.197134
5.216672
5.266811
5.220393
5.189757
5.213548
5.221931
5.200930
5.192775
5.196610
5.209024
5.219976
5.217669
5.203569
5.206896
5.197634
5.215318
5.227350
5.202324
5.194239
5.228630
5.198717
5.196826
5.213375
5.208599
5.193829
5.188105
5.216042
5.200442
5.252008
5.201742
5.232759
5.208933
5.211982
5.200258
5.205030
5.228417
5.197077
5.199304
5.195099
5.200775
5.201526
5.203309
5.188303
5.231881
5.213220
5.201736
5.223968
5.214918
5.208544
5.187954
5.208274
5.204303
5.217204
5.228168
5.257666
5.171599
5.211279
5.210952
5.190721
5.209695
5.212871
5.213768
5.203685
5.230386
5.207781
5.211449
5.211177
5.211438
5.199312
5.212030
5.207788
5.211693
5.230573
5.207969
5.202012
5.208582
5.217933
5.186798
5.205073
5.257735
5.214849
5.203487
5.207874
5.201200
5.214078
5.201163
5.220804
5.198133
5.255238
5.189556
5.186829
5.223473
5.230466
5.233871
5.203100
5.259581
5.223182
5.200657
5.233020
5.210589
5.205243
5.198893
5.202677
5.196551
5.221090
5.205756
5.232264
5.205727
5.226802
5.211119
5.205015
5.197399
5.227567
5.194221
5.209609
5.205412
5.220931
5.200930
5.242653
5.221741
5.206936
5.194277
5.179251
5.190752
5.193038
5.199437
5.211512
5.214144
5.193258
5.190672
5.189283
5.212661
5.190199
5.214144
5.188484
5.198830
5.213017
5.202668
5.188645
5.214329
5.181164
5.196364
5.192360
5.197885
5.211999
5.207099
5.212640
5.220195
5.183969
5.230232
5.212280
5.188459
5.214796
5.190556
5.205200
5.207905
5.205033
5.213032
5.255792
5.202647
5.210100
5.212725
5.207626
5.190177
5.209847
5.181845
5.224045
5.222053
5.214314
5.198442
5.219978
5.215690
5.218980
5.253597
5.205212
5.185552
5.212823
5.205874
5.201704
5.209524
5.188008
5.212467
5.213068
5.211306
5.197006
5.227421
5.216515
5.182601
5.211764
5.221575
5.192463
5.199491
5.203790
5.212229
5.205441
5.199144
5.193125
5.204112
5.229923
5.214229
5.217157
5.232435
5.192711
5.233801
5.199174
5.205620
5.195732
5.200857
5.202826
5.185156
5.230765
5.188598
5.207293
5.208251
5.212612
5.205681
5.214394
5.191535
5.208228
5.192193
5.197158
5.223734
5.217460
5.199339
5.202391
5.188340
5.192365
5.223210
5.216338
5.193558
5.218778
5.206547
5.198885
5.198350
5.186347
5.207374
5.215219
5.209229
5.196565
5.201054
5.197124
5.205965
5.199228
5.212817
5.203255
5.219811
5.196978
5.215988
5.201931
5.227700
5.186108
5.192476
5.198973
5.196545
5.197197
5.189258
5.231359
5.213038
5.257417
5.188660
5.200492
5.205691
6.287519
5.216000
5.206643
5.213779
5.190819
5.188951
5.211716
5.237809
5.211104
5.233814
5.203210
5.203285
5.209373
5.209052
5.210206
5.264308
5.210142
5.223720
5.212040
5.199401
5.211629
5.211326
5.189251
5.218135
5.215819
5.202089
5.218246
5.210618
5.236417
5.203001
5.222796
5.206206
5.258547
5.197604
5.195101
5.196717
5.208019
5.207620
5.201620
5.271726
5.212836
5.186753
5.218797
5.194657
5.187072
5.203282
5.214866
5.188098
5.214582
5.211640
5.191331
5.187679
5.230215
5.189202
5.205576
5.188649
5.190132
5.201979
5.190637
5.207219
5.251886
5.221103
5.234525
5.253718
5.193178
5.220935
5.193970
5.209839
5.185162
5.208321
5.213143
5.197149
5.252071
5.218372
5.190454
5.184130
5.213386
5.231931
5.208389
5.192615
5.189462
5.228345
5.197468
5.211289
5.230511
5.193976
5.211763
5.195966
5.182657
5.207269
5.217115
5.191503
5.204797
5.195344
5.199780
5.206631
5.210231
5.264042
5.185170
5.209670
5.200164
5.213059
5.186821
5.195096
5.222691
5.224357
5.259178
5.174668
5.211226
5.221870
5.215685
5.229880
5.196121
5.198969
5.214882
5.196317
5.214164
5.226431
5.193741
5.222826
5.200366
5.220286
5.260501
5.190937
5.211427
5.207854
5.201671
5.197434
5.201082
5.192398
5.240360
5.192611
5.204244
5.215002
5.206057
5.198141
5.211221
5.219962
5.192785
5.212256
5.223729
5.203050
5.239178
5.221016
5.200131
5.242509
5.196803
5.207203
5.234700
5.225546
5.221354
5.209644
5.223821
5.196134
5.215232
5.182910
5.206635
5.199243
5.224958
5.204080
5.229822
5.208768
5.221748
5.215156
5.192137
5.194936
5.215199
5.239100
5.200643
5.226223
5.212079
5.231445
5.230801
5.199934
5.205665
5.208857
5.212935
5.194508
5.212332
5.210476
5.209506
5.203657
5.225477
5.211339
5.189454
5.205846
5.213410
5.221906
5.249377
5.190115
5.206007
5.211078
5.219897
5.227553
5.198069
5.215488
5.226716
5.201652
5.209289
5.204441
5.205895
5.213751
5.192482
5.202885
5.255627
5.205550
5.215525
5.216473
5.210717
5.206836
5.215048
5.189081
5.204936
5.249985
5.199821
5.191508
5.199344
5.193960
5.202503
5.221091
5.205486
5.212713
5.212874
5.177396
5.238821
5.229508
5.224126
5.201496
5.253480
5.211835
5.200558
5.211952
5.215961
5.211310
5.200114
5.212205
5.235329
5.209716
5.221782
5.216094
5.207744
5.187916
5.224258
5.215278
5.195452
5.232411
5.205330
5.214479
5.210919
5.193102
5.221326
5.196413
5.203847
5.202731
5.217398
5.209765
5.218952
5.215383
5.212529
5.224250
5.207080
5.197276
5.214077
5.223947
5.196204
5.221881
5.200141
5.219685
5.208717
5.218239
5.228460
5.214511
5.186460
5.206939
5.223857
5.212686
5.247689
5.194032
5.209562
5.204267
5.189256
5.209251
5.214933
5.219281
5.203253
5.195716
5.203468
5.213557
5.210732
5.188067
5.209644
5.197064
5.226057
5.200649
5.209107
5.218979
5.212771
5.222898
5.190156
5.226784
5.208776
5.200677
5.224071
5.213926
5.207032
5.190564
5.212891
5.220389
5.211214
5.219473
5.209092
5.217910
5.211339
5.220114
5.206409
5.197344
5.196278
5.225434
5.202531
5.182890
5.219353
5.212932
5.206791
5.227964
5.212955
5.214498
6.279115
5.192026
5.192028
5.212644
5.188137
5.234542
5.212116
5.198699
5.224329
5.209012
5.202362
5.210335
5.214451
5.212326
5.217238
5.199572
5.205493
5.211621
5.204091
5.202074
5.195754
5.233566
5.215633
5.199039
5.205386
5.199013
5.219937
5.224952
5.211775
5.226215
5.198417
5.201845
5.198310
5.200800
5.210236
5.231884
5.213032
5.212192
5.201682
5.234570
5.190626
5.211996
5.211169
5.202680
5.207816
5.195053
5.211308
5.218651
5.184912
5.199871
5.213753
5.216381
5.199402
5.205178
5.192322
5.194079
5.222731
5.217985
5.234751
5.203507
5.192983
5.224948
5.207116
5.213006
5.221535
5.193277
5.206881
5.208827
5.216800
5.199638
5.189200
5.205450
