0.685860
0.685270
0.685218
0.685230
0.685437
0.691833
0.685368
0.685121
0.685431
0.685645
0.685556
0.688651
0.685743
0.685464
0.685617
0.685492
0.688790
0.685364
0.685656
0.685535
0.685529
0.685648
0.689069
0.685406
0.685453
0.685575
0.685308
0.685511
0.687927
0.685454
0.685294
0.685720
0.685444
0.685201
0.688012
0.685425
0.685414
0.685383
0.685365
0.685385
0.687999
0.685168
0.685481
0.685418
0.685451
0.685743
0.685174
0.685537
0.685749
0.685755
0.685449
0.688354
0.685843
0.685522
0.685528
0.685462
0.688689
0.688347
0.685595
0.685529
0.685528
0.685093
0.685677
0.687966
0.703701
0.700345
0.685569
0.685687
0.685435
0.687913
0.685407
0.687770
0.685651
0.685581
0.685577
0.688163
0.685483
0.685292
0.685676
0.685502
0.689118
0.685322
0.685601
0.685819
0.685249
0.685663
0.688548
0.685585
0.685425
0.685255
0.685707
0.687901
0.687034
0.685487
0.685486
0.685325
0.685468
0.685793
0.688323
0.685105
0.685320
0.685633
0.685535
0.685505
0.687437
0.685327
0.685616
0.685402
0.685351
0.685569
0.688491
0.685381
0.688334
0.685719
0.685524
0.688424
0.685654
0.685647
0.685621
0.685715
0.685580
0.688752
0.685722
0.685159
0.685633
0.685375
0.685652
0.688536
0.685454
0.685513
0.685427
0.685524
0.685602
0.688441
0.685409
0.690751
0.685575
0.685355
0.685503
0.688318
0.685102
0.685477
0.685142
0.685427
0.685487
0.688595
0.685439
0.685411
0.685244
0.685228
0.688431
0.685611
0.685606
0.685454
0.685343
0.685337
0.688666
0.685662
0.685558
0.685312
0.685374
0.685682
0.687940
0.685540
0.685289
0.685708
0.685677
0.685160
0.689255
0.685093
0.685397
0.685624
0.685771
0.685453
0.687907
0.685548
0.685474
0.685616
0.685613
0.688325
0.685344
0.685572
0.685462
0.685439
0.685561
0.688059
0.685098
0.685446
0.685699
0.685584
0.685211
0.688497
0.685412
0.685506
0.685351
0.685357
0.685644
0.688460
0.685625
0.685529
0.685422
0.685629
0.685520
0.688611
0.685534
0.688752
0.685660
0.685674
0.685801
0.688000
0.685853
0.703250
0.703834
0.685788
0.688428
0.685454
0.685365
0.685533
0.685464
0.685099
0.688297
0.685126
0.685049
0.685368
0.685526
0.685021
0.688797
0.685336
0.685687
0.685094
0.685215
0.685548
0.687950
0.685319
0.685757
0.685586
0.685363
0.685324
0.688221
0.685465
0.685643
0.685181
0.685366
0.688144
0.685658
0.685695
0.685513
0.685685
0.685461
0.688718
0.685563
0.685689
0.685616
0.685462
0.685266
0.689315
0.685512
0.685471
0.685200
0.685815
0.685580
0.688564
0.685509
0.685317
0.685732
0.685282
0.685485
0.687967
0.685270
0.685421
0.685217
0.685383
0.685713
0.687844
0.685591
0.685372
0.685603
0.685764
0.688526
0.685764
0.685727
0.685476
0.685877
0.685359
0.688109
0.685059
0.685478
0.685170
0.685581
0.685382
0.688161
0.685799
0.685787
0.685587
0.685591
0.685631
0.686672
0.685529
0.685532
0.685452
0.685751
0.685646
0.687651
0.685380
0.685532
0.685873
0.685672
0.685814
0.688677
0.685396
0.685636
0.685275
0.685936
0.688720
0.685602
0.685855
0.685463
0.685743
0.685729
0.688764
0.685734
0.685523
0.685394
0.685668
0.685156
0.691061
0.687931
0.685291
0.685730
0.685278
0.685679
0.690734
0.685755
0.685135
0.685056
0.685466
0.685634
0.687964
0.685220
0.685452
0.685262
0.685266
0.689377
0.685904
0.685600
0.692970
0.685692
0.685597
0.688160
0.685572
0.685669
0.685685
0.685675
0.685506
0.688687
0.688221
0.686111
0.685600
0.698243
0.703480
0.688296
0.685430
0.685370
0.685567
0.685749
0.685592
0.688694
0.685016
0.685537
0.685349
0.685592
0.685776
0.688011
0.685412
0.685015
0.685369
0.685776
0.688736
0.685481
0.685509
0.685179
0.685335
0.685646
0.688026
0.685516
0.685392
0.688490
0.685562
0.685537
0.688573
0.685544
0.685928
0.685708
0.685783
0.685184
0.687881
0.685651
0.685353
0.685354
0.685737
0.685495
0.687935
0.685299
0.685746
0.685268
0.685807
0.685488
0.685337
0.685600
0.685776
0.685444
0.685357
0.691931
0.685359
0.685552
0.685206
0.685468
0.685301
0.695951
0.685637
0.685685
0.685583
0.685377
0.685598
0.689447
0.685205
0.685260
0.685415
0.685284
0.685659
0.689084
0.685840
0.685780
0.685755
0.685651
0.685178
0.687987
0.685249
0.685279
0.685614
0.685438
0.688094
0.685636
0.685136
0.685505
0.685784
0.685517
0.688454
0.685389
0.685182
0.685612
0.685129
0.685953
0.688324
0.688230
0.685697
0.685877
0.685433
0.685680
0.688598
0.685559
0.685766
0.685246
0.685678
0.685300
0.723465
0.685210
0.685482
0.685465
0.685195
0.688490
0.685104
0.685625
0.685409
0.685609
0.685634
0.688167
0.685834
0.685650
0.685313
0.688601
0.685269
0.688623
0.688168
0.685831
0.685712
0.685413
0.685358
0.688437
0.685776
0.685737
0.685726
0.688542
0.685716
0.688143
0.685533
0.685021
0.685753
0.685703
0.685701
0.687985
0.685073
0.685563
0.685615
0.685475
0.703492
0.701077
0.685267
0.685410
0.685810
0.685782
0.687939
0.685441
0.685196
0.685731
0.685592
0.685629
0.688553
0.685576
0.685379
0.685551
0.685447
0.685626
0.688562
0.685747
0.685830
0.685766
0.685266
0.685589
0.688207
0.685941
0.685678
0.685847
0.685727
0.685732
0.687904
0.685761
0.685506
0.688078
0.685163
0.688850
0.685352
0.685581
0.685621
0.685255
0.685568
0.688189
0.685718
0.685786
0.685600
0.685713
0.685402
0.688369
0.685454
0.685378
0.685732
0.685505
0.685659
0.688309
0.685304
0.685689
0.685782
0.685394
0.685506
0.687679
0.685140
0.685742
0.685777
0.685328
0.695042
0.685453
0.685440
0.685448
0.685530
0.685556
0.688420
0.685605
0.685579
0.685688
0.685670
0.685656
0.688221
0.685668
0.685124
0.685421
0.685224
0.685327
0.686284
0.685614
0.685780
0.685615
0.685488
0.685535
0.688107
0.685277
0.685441
0.685172
0.685127
0.685556
0.688401
0.685662
0.685730
0.685728
0.685623
0.689117
0.685190
0.685604
0.685570
0.685600
0.688409
0.688298
0.685467
0.685704
0.685728
0.685291
0.685737
0.688035
0.685243
0.685422
0.685413
0.685271
0.685267
0.691106
0.685735
0.685739
0.685690
0.685361
0.685655
0.688276
0.685220
0.685705
0.685508
0.685608
0.685300
0.688146
0.685307
0.685495
0.685685
0.685495
0.688792
0.685623
0.685615
0.685532
0.688349
0.685362
0.688265
0.685671
0.685293
0.685660
0.685791
0.685469
0.686670
0.685720
0.705216
0.695949
0.688520
0.685497
0.688111
0.684744
0.685402
0.685276
0.685595
0.685648
0.688295
0.685258
0.688255
0.685817
0.685320
0.688220
0.685142
0.685551
0.685348
0.685300
0.685336
0.688128
0.685326
0.685780
0.685453
0.685206
0.685655
0.688413
0.685723
0.685589
0.685332
0.685713
0.685750
0.688322
0.685344
0.685793
0.685098
0.687780
0.685532
0.689021
0.685523
0.685237
0.685668
0.685674
0.685517
0.688203
0.685373
0.685466
0.685686
0.685768
0.690660
0.690700
0.685555
0.685510
0.685745
0.685520
0.688135
0.685302
0.688460
0.685671
0.685530
0.685267
0.688051
0.685600
0.685763
0.685414
0.685352
0.685650
0.690818
0.685579
0.685790
0.685293
0.685148
0.685668
0.687997
0.685524
0.685412
0.685433
0.685770
0.687969
0.685632
0.685207
0.685550
0.685666
0.685548
0.688276
0.685352
0.685710
0.685672
0.685647
0.685440
0.705771
0.687812
0.685334
0.685530
0.685644
0.685688
0.688440
0.685109
0.685472
0.685161
0.685518
0.685658
0.688316
0.685383
0.685664
0.685838
0.685745
0.685460
0.688587
0.685731
0.685304
0.685553
0.685686
0.688630
0.685368
0.685309
0.685597
0.685429
0.685840
0.688390
0.685374
0.685304
0.685300
0.685680
0.685662
0.688963
0.685158
0.685231
0.685565
0.685782
0.685787
0.688279
0.685204
0.685056
0.685854
0.685622
0.685693
0.688289
0.685675
0.685647
0.685494
0.685393
0.687820
0.685420
0.685692
0.698745
0.706424
0.688109
0.688174
0.685227
0.685553
0.685912
0.685684
0.685693
0.687979
0.685538
0.685747
0.685720
0.688373
0.685739
0.688439
0.685591
0.685699
0.685612
0.685169
0.685705
0.688351
0.685320
0.685200
0.685408
0.685458
0.685667
0.688119
0.685700
0.685491
0.685336
0.685328
0.688240
0.685442
0.685656
0.685519
0.685667
0.685425
0.688159
0.685577
0.685562
0.685539
0.685388
0.685581
0.687980
0.685070
0.685538
0.685265
0.685312
0.685453
0.688405
0.685210
0.685613
0.685458
0.685534
0.685196
0.688246
0.685595
0.685232
0.685494
0.685503
0.685612
0.688396
0.685442
0.685304
0.685403
0.685344
0.688450
0.685506
0.685588
0.685716
0.685595
0.685554
0.688230
0.685208
0.685656
0.685810
0.685206
0.685596
0.688390
0.685532
0.685444
0.688371
0.685616
0.685593
0.687223
0.685710
0.685300
0.685371
0.685646
0.685711
0.687753
0.685306
0.685783
0.689356
0.685332
0.688001
0.685623
0.685640
0.685268
0.685266
0.685639
0.688192
0.685307
0.685314
0.685573
0.685378
0.685723
0.688038
0.685058
0.685674
0.685534
0.685931
0.685360
0.689322
0.685411
0.685379
0.685265
0.685739
0.685475
0.688165
0.685746
0.685382
0.685712
0.685225
0.685467
0.688206
0.685622
0.685683
0.685771
0.685689
0.688275
0.685095
0.685634
0.685233
0.685343
0.685371
0.688145
0.685076
0.685419
0.685821
0.685716
0.685706
0.688224
0.685218
0.685226
0.685497
0.685686
0.685779
0.688309
0.714025
0.684985
0.685726
0.685332
0.685536
0.689423
0.685279
0.685576
0.685380
0.685391
0.688458
0.685325
0.685518
0.685969
0.685647
0.685814
0.687908
0.685368
0.685400
0.685173
0.685648
0.685582
0.688078
0.685796
0.685682
0.685515
0.685514
0.685598
0.688172
0.685431
0.685332
0.685209
0.685584
0.685537
0.688267
0.688117
0.685566
0.685554
0.685717
0.685623
0.687654
0.685457
0.685730
0.685695
0.685549
0.688007
0.685471
0.685462
0.685664
0.685659
0.685657
