682.494241
682.291244
682.225230
682.193299
682.206313
682.704218
682.366411
682.478888
682.044160
682.459503
682.048553
682.078612
682.398765
681.494564
681.483672
681.978330
682.192128
681.989854
682.785808
682.257265
682.448420
681.929837
681.528027
681.890167
682.051224
682.452019
681.782520
681.657889
681.871621
681.669057
681.843904
682.167832
681.735711
683.027406
681.948706
682.077755
682.190618
681.840189
681.887774
681.591564
682.125747
682.687669
682.088958
682.218466
682.081224
683.475342
681.884132
682.212331
682.393987
682.503491
682.156803
682.194271
681.818609
681.678981
681.738717
681.834742
682.665182
682.278043
682.766480
682.633952
682.451929
682.414695
681.989263
682.056328
681.839244
682.407278
683.150319
682.430738
681.690443
681.969013
681.746031
681.691650
682.206737
682.296996
682.904119
682.077999
682.178088
682.161471
682.507845
682.054449
682.399685
682.375964
682.032773
683.466425
682.365980
682.365317
682.456373
682.339617
682.570612
682.932321
682.431908
682.232469
682.299817
682.156879
682.332254
682.164201
682.332060
682.253395
683.411264
682.118111
682.310192
682.113709
682.280796
682.182753
682.144008
682.761362
682.456411
682.258467
682.016520
681.761366
681.894154
681.865818
681.970641
682.044498
682.027318
682.612702
682.266750
681.612324
681.996202
681.252920
682.845086
682.237781
681.838925
682.228478
681.174103
680.895497
680.864611
681.254988
681.686373
680.808130
681.300449
681.786591
681.193719
681.444289
680.261868
681.217197
680.927938
680.463806
681.032304
681.039611
681.067458
681.185047
681.767650
680.689390
680.681303
681.172456
680.688394
681.979781
681.812318
681.704610
681.666294
681.139821
681.027852
682.173036
681.914117
681.332234
681.352965
681.214108
681.200621
681.009548
682.570777
681.269243
681.917287
681.396439
680.880990
681.982419
681.768218
681.035427
681.021879
680.714467
680.899686
680.920378
680.887817
680.592425
681.281179
681.406050
682.137103
682.361789
681.610240
681.831392
681.694619
681.886353
681.750360
681.644546
681.187241
681.419735
681.654275
681.387998
680.999442
682.505905
680.758630
682.628260
681.376020
681.747409
683.056363
681.177426
681.564881
681.332603
680.947669
680.743438
681.160908
680.915208
682.237715
680.922507
681.199795
680.873968
682.244729
682.103651
681.942687
681.664781
682.320754
681.582626
681.936934
681.319985
681.466630
681.519348
681.670843
682.096204
681.648466
681.741916
681.536510
681.421773
681.908379
681.703861
681.642224
682.227414
681.783027
681.693211
682.271457
681.747668
681.109516
681.962025
681.340260
681.047273
680.685706
681.179922
681.121789
680.660668
680.871159
681.272751
680.624385
681.273858
681.384303
681.498560
680.935220
681.580056
681.149465
681.620654
680.842755
680.911749
682.311435
682.549943
680.721433
681.184967
681.786816
680.811091
681.147625
680.923638
680.914688
681.755928
681.739240
681.791003
681.300035
680.853355
680.747724
681.189148
681.675830
681.029616
681.167353
681.514193
680.903797
681.024937
680.856310
680.938393
681.533654
680.800020
681.768987
680.995975
680.967296
681.008444
681.687312
680.870816
681.015188
680.841419
681.120094
681.445996
681.105126
680.877228
681.277494
681.553719
681.161209
680.897259
681.326275
680.795766
681.080431
681.251010
680.962624
681.498735
682.027074
681.145831
680.953355
681.035612
681.091318
681.163271
681.061569
681.101702
681.301749
681.103258
680.944874
681.018337
680.601904
680.987244
682.038298
681.268376
680.690607
680.855132
680.575076
681.480929
681.200378
680.858763
680.736138
680.784931
681.580259
680.895025
681.109981
681.200786
681.090543
681.065187
680.538399
681.191933
680.909443
681.033590
681.014202
681.695100
682.077777
680.938366
681.391008
680.671012
681.216081
681.705486
681.937354
681.877846
682.253541
681.940212
681.734934
681.613425
682.369698
681.167991
681.366423
681.207390
680.585519
681.159578
680.755624
681.183565
680.964729
680.765601
681.328553
680.784171
680.905440
681.268086
681.209796
680.952163
681.024206
681.132859
681.000119
680.876517
680.696951
681.093493
680.973820
680.895456
681.133428
681.133474
680.665480
681.117865
680.742966
681.017635
680.916915
681.281690
681.025698
680.819917
681.269009
681.353896
681.423421
681.404531
680.805153
681.204088
681.125716
681.046543
681.125153
681.285606
681.112100
681.205266
680.929804
682.605965
681.191008
681.075280
680.598787
680.929342
682.682507
681.134932
681.121910
682.624865
681.077181
682.206657
681.700013
681.774168
681.704835
681.407499
681.768774
681.414276
680.914774
680.873823
680.691584
681.186725
681.144427
681.688201
680.912552
680.919940
681.188335
680.575043
680.689892
680.869425
680.906608
680.979559
680.632642
680.957950
680.884424
681.350227
681.890354
682.245708
682.635901
681.823954
681.724043
681.196553
681.036913
680.848940
680.916490
680.702672
680.604458
681.241281
681.015680
680.381903
680.667465
680.684794
680.501872
680.775710
680.809410
681.178780
680.708048
681.205788
680.638294
681.109231
681.232836
681.066102
680.961241
680.986024
681.227505
680.833808
682.044610
680.859220
681.362028
681.216844
682.671514
681.541611
681.071358
680.901754
681.285198
680.514580
681.589344
681.876706
682.049346
682.091453
681.601971
680.926938
681.373478
680.961855
681.573458
681.599194
682.273824
681.597615
681.424963
681.561015
681.983074
682.187188
682.365694
682.416363
682.999290
682.296927
682.731742
682.160475
683.796196
682.349418
682.053820
683.202833
682.177211
680.979354
681.000145
680.867705
681.088972
681.050826
680.927488
681.208056
680.791849
681.145944
681.139657
680.732156
681.747332
680.732163
680.657252
680.843256
681.803893
682.372264
682.529796
682.004926
682.277133
682.379134
681.784851
682.094188
682.546463
682.075632
682.444836
682.444567
682.096328
682.066237
681.829969
681.943852
682.055254
681.726511
682.043104
681.882730
681.953759
681.507747
682.012640
681.791385
681.906761
680.859262
681.663286
680.642895
680.812426
681.056774
680.840507
680.865853
681.354510
680.933779
680.927368
680.959481
680.998428
680.928581
681.628440
681.542717
680.879705
680.888809
681.052691
680.687439
681.064842
681.135808
680.689963
680.750132
680.992890
681.821454
681.051256
681.283333
681.635516
683.140473
681.517903
681.266151
681.071996
681.337373
681.113025
681.514151
681.784252
681.780115
682.021548
681.942626
681.741267
681.008592
681.713565
682.036795
681.954597
681.835220
681.493968
681.792454
681.851249
682.126513
680.827927
680.664387
681.300309
681.843707
681.612685
681.084578
681.508473
680.647034
681.489950
682.460808
681.967216
681.161417
680.897872
681.206206
681.196122
680.677604
681.336837
680.758479
681.226842
680.921511
681.353172
681.718280
681.042862
681.223208
681.053065
680.904609
680.832618
680.967412
680.998841
680.657132
681.181320
680.851447
680.985244
681.457097
680.763804
681.405007
681.201416
681.873274
681.526639
680.880269
681.263664
680.604110
681.494368
681.482319
681.014102
681.227744
681.295481
681.047248
681.641197
681.760238
680.945611
680.765820
681.261132
680.929342
681.140104
681.784984
681.936838
681.827169
682.327082
681.990649
681.699799
681.432368
681.784836
681.533181
681.985469
681.450145
681.265800
681.354007
681.184605
681.048305
680.933669
681.106804
680.994332
682.886225
681.028870
680.943300
680.739067
680.939240
681.106379
680.882532
680.674932
681.135139
681.130917
680.901426
681.104152
680.642617
680.841486
681.217802
680.633687
680.766833
681.270644
681.107465
680.800753
680.696967
680.884819
680.714629
681.061842
680.869723
680.963765
681.450443
680.876446
680.958893
681.227070
682.397427
680.957707
681.253899
680.988473
681.151472
680.790007
681.293720
680.942059
681.421637
681.365360
681.024612
680.823982
680.907182
681.170674
681.052775
681.019720
680.617382
681.018836
681.115009
680.708606
680.885442
680.603312
681.034753
682.172334
681.991986
682.356411
681.947511
681.847772
681.353335
681.181253
681.056756
680.843598
680.911309
682.347550
681.056671
681.026728
680.744572
681.358945
681.416174
680.973897
680.871233
680.825291
680.727330
681.085006
680.596758
680.812893
681.872125
680.925215
681.108424
681.188589
681.635311
681.309787
681.353556
681.287984
681.345976
681.291739
682.430402
681.287062
681.351739
680.991055
682.898120
681.392894
680.729357
680.993643
681.062070
681.171542
680.987143
681.441125
680.635231
681.762478
681.611817
681.609906
681.445933
681.048011
680.671592
680.756931
680.991262
680.853237
681.318106
680.780273
680.737951
681.223291
681.087860
680.859225
681.394196
680.856266
681.033911
681.759882
680.921732
680.786073
681.009798
681.102666
681.188574
681.835968
681.735364
680.974771
681.197140
680.590135
682.155983
680.989000
681.987318
680.500105
680.977314
681.608114
681.621998
682.198812
681.329836
680.933001
682.434005
681.810428
681.914687
681.692977
681.845264
681.535303
681.310979
681.103983
680.863251
680.893125
680.887156
681.008481
681.854779
681.038919
680.932123
681.011701
681.086676
680.970507
681.046523
680.729138
682.239260
681.236881
680.811470
680.871451
680.761635
680.741570
680.754662
681.476549
681.827306
680.730903
680.527060
680.807432
680.968508
681.380669
681.168425
681.029557
682.117224
681.014914
680.634641
681.553005
681.156856
681.080622
681.004792
681.062089
680.977604
680.991599
680.924983
681.399919
681.275421
680.982521
682.380253
680.782114
680.737248
680.916064
680.685904
681.025227
681.008873
681.838765
681.952600
680.983015
680.487503
680.962604
680.991364
680.870740
681.162334
681.107447
680.676719
681.067074
681.063921
682.142856
682.022664
681.611298
681.485003
681.782061
682.153034
681.509381
681.894672
681.934184
681.406930
680.933093
680.823961
681.425448
681.005806
680.835683
681.127285
681.251251
681.059955
680.650593
681.083437
680.568597
682.263634
682.048899
680.979201
681.006255
681.472433
680.677872
681.128868
681.485024
680.954389
681.111477
681.320789
681.060874
681.018924
681.477228
680.940453
680.927196
681.560583
681.050203
680.784976
681.421367
681.048190
681.154120
681.353483
680.664987
681.847104
681.985581
681.597972
681.189134
681.819477
682.213990
682.847521
682.021341
681.710452
682.061801
681.918701
681.773774
682.068850
682.052673
681.977231
681.758352
680.973087
681.300311
681.227978
680.971890
680.897301
681.336821
681.918326
681.951485
681.980994
681.148411
680.893366
681.292013
681.169862
681.487187
681.647098
681.163736
681.337800
681.878780
681.741592
681.071057
681.900945
680.846734
680.690090
681.278105
681.046334
681.115528
681.342526
681.055278
681.317567
681.260599
681.147236
681.006972
680.812020
682.106961
681.581644
682.412954
681.663317
681.911856
682.067865
681.487868
680.977060
681.050283
681.661646
681.537664
682.012394
681.999001
681.405563
680.851425
681.307440
680.736716
681.270319
681.221452
681.449434
681.356238
681.150772
681.201422
681.373863
680.988980
681.041435
680.994690
681.896166
681.221354
681.134331
680.941238
681.128060
681.777122
681.413362
681.339874
681.121314
681.812686
682.063188
681.123435
681.297531
681.061527
681.087926
