1.207415
1.208615
1.213229
1.193039
1.208062
1.192924
1.196411
1.198964
1.189923
1.189514
1.194424
1.194819
1.211899
1.213192
1.199954
1.197417
1.195587
1.202715
1.193681
1.204080
1.202709
1.195848
1.195022
1.195617
1.200130
1.197581
1.195239
1.203252
1.194272
1.197169
1.234724
1.205275
1.200549
1.201234
1.205099
1.201487
1.208748
1.286146
1.202515
1.202103
1.205466
1.203236
1.200360
1.201334
1.213073
1.202192
1.200443
1.213212
1.207453
1.206701
1.208023
1.201688
1.206844
1.210257
1.205052
1.203669
1.202459
1.211743
1.203503
1.204610
1.207916
1.207255
1.207605
1.210477
1.205404
1.206802
1.205873
1.213560
1.206853
1.212845
1.224170
1.208889
1.207370
1.213563
1.207969
1.208301
1.203195
1.201598
1.195459
1.197014
1.200038
1.197696
1.196072
1.199825
1.194221
1.194057
1.195748
1.206143
1.192380
1.194816
1.198190
1.194979
1.191923
1.200267
1.197431
1.195467
1.223662
1.262865
1.199509
1.200606
1.201080
1.195107
1.194954
1.247781
1.202910
1.201717
1.199312
1.210435
1.202980
1.202009
1.207789
1.198674
1.201640
1.203163
1.202416
1.202309
1.205810
1.202902
1.201501
1.210584
1.207380
1.208669
1.208809
1.210329
1.204149
1.202463
1.207038
1.203561
1.202337
1.204055
1.208245
1.205214
1.204436
1.209101
1.204236
1.207794
1.214433
1.207062
1.205376
1.211236
1.209314
1.208270
1.205668
1.210184
1.204815
1.206676
1.207753
1.205739
1.203234
1.205342
1.215898
1.206916
1.206200
1.208168
1.200013
1.194369
1.200945
1.196897
1.199885
1.193057
1.199991
1.193155
1.191201
1.194967
1.195729
1.195834
1.200785
1.195679
1.195912
1.200791
1.201037
1.193173
1.192949
1.200624
1.197358
1.196273
1.199929
1.198290
1.196975
1.202228
1.207648
1.224017
1.204681
1.202113
1.197249
1.197179
1.206536
1.200480
1.199141
1.201709
1.207406
1.201873
1.200226
1.204940
1.200830
1.201194
1.207661
1.203059
1.202383
1.204024
1.221687
1.205540
1.201670
1.209198
1.200060
1.199361
1.210205
1.200828
1.199176
1.337257
1.216236
1.205828
1.204336
1.211404
1.210077
1.205696
1.232121
1.204682
1.203675
1.208536
1.211783
1.209490
1.207753
1.219108
1.207385
1.206511
1.208418
1.203113
1.205688
1.208946
1.194235
1.190091
1.190857
1.198571
1.190809
1.189907
1.200646
1.193396
1.192771
1.196952
1.194078
1.194591
1.197053
1.200422
1.195636
1.194108
1.206181
1.197469
1.196223
1.214243
1.198353
1.196682
1.198595
1.209373
1.200260
1.196855
1.205475
1.197435
1.199681
1.201374
1.199137
1.198693
1.199136
1.204934
1.200489
1.198918
1.205872
1.200807
1.200364
1.203764
1.235988
1.211650
1.210507
1.204635
1.201759
1.199672
1.206513
1.201717
1.204606
1.206463
1.203780
1.205913
1.207839
1.204958
1.202425
1.202988
1.215090
1.205806
1.204327
1.209668
1.204861
1.205456
1.209719
1.208391
1.207387
1.208839
1.212587
1.208799
1.211685
1.214846
1.210477
1.210307
1.214147
1.216605
1.210891
1.197232
1.198857
1.192592
1.191214
1.208180
1.192844
1.192447
1.240778
1.201409
1.199745
1.195287
1.204627
1.196511
1.198202
1.292817
1.207714
1.199594
1.202511
1.199095
1.202447
1.208973
1.198925
1.197366
1.197565
1.204681
1.198279
1.200244
1.203665
1.200162
1.199882
1.202138
1.200787
1.204787
1.200436
1.205133
1.201328
1.201229
1.205711
1.200913
1.199975
1.205914
1.202789
1.201419
1.202776
1.205620
1.206012
1.205989
1.211092
1.205293
1.233055
1.211048
1.207475
1.205287
1.207283
1.210810
1.211446
1.207157
1.211586
1.208437
1.208776
1.214969
1.210170
1.209080
1.208778
1.211988
1.211249
1.206791
1.212238
1.208141
1.206885
1.212837
1.209285
1.208775
1.197724
1.199969
1.193953
1.195500
1.200952
1.196026
1.192147
1.198464
1.190330
1.195476
1.189558
1.197426
1.193052
1.195257
1.197511
1.194609
1.194100
1.197966
1.195111
1.196486
1.195107
1.199142
1.196713
1.195151
1.198236
1.204622
1.197057
1.203309
1.197717
1.197784
1.197335
1.204090
1.197586
1.203279
1.207517
1.200381
1.199762
1.214446
1.199555
1.199498
1.199123
1.203122
1.201424
1.201158
1.199755
1.205269
1.199987
1.205514
1.202073
1.201405
1.200417
1.224838
1.204464
1.203013
1.209792
1.204590
1.203182
1.338016
1.206297
1.215603
1.231925
1.208438
1.208112
1.207302
1.212945
1.210709
1.208149
1.211726
1.211268
1.208807
1.245206
1.210525
1.210637
1.209704
1.208437
1.207798
1.212277
1.226494
1.200433
1.197185
1.201630
1.204604
1.198354
1.221965
1.196487
1.194108
1.192507
1.198786
1.193049
1.199619
1.207279
1.191271
1.194824
1.197093
1.190510
1.190416
1.190654
1.198616
1.192892
1.192879
1.207229
1.193608
1.192075
1.197303
1.193741
1.193791
1.194450
1.198606
1.194639
1.200227
1.201811
1.195828
1.195171
1.224998
1.209256
1.200229
1.200150
1.206407
1.201525
1.199481
1.204485
1.200911
1.201325
1.204388
1.201179
1.200124
1.205944
1.229275
1.206151
1.202258
1.206679
1.206335
1.205274
1.206973
1.203708
1.202744
1.203337
1.207366
1.202700
1.204723
1.213935
1.204181
1.212278
1.209363
1.227050
1.203467
1.202761
1.211372
1.206686
1.211127
1.211036
1.207707
1.212383
1.214542
1.198583
1.196823
1.195081
1.227400
1.194895
1.203846
1.199695
1.194033
1.192873
1.238038
1.199150
1.196149
1.194412
1.200274
1.193552
1.195760
1.205283
1.195091
1.194851
1.205020
1.194699
1.195535
1.204290
1.204599
1.197244
1.197491
1.200724
1.198650
1.196508
1.202422
1.199070
1.197413
1.196625
1.201276
1.197379
1.199350
1.202869
1.198976
1.198048
1.208519
1.199813
1.200394
1.201885
1.206356
1.200840
1.200762
1.204588
1.201777
1.200751
1.204778
1.201945
1.201220
1.206655
1.199375
1.199791
1.203609
1.207880
1.199495
1.199011
1.214723
1.205741
1.204794
1.207462
1.204486
1.205398
1.207214
1.208645
1.204719
1.205754
1.208827
1.206054
1.205361
1.217098
1.205830
1.207198
1.204990
1.211813
1.197364
1.193428
1.209454
1.226433
1.197579
1.275656
1.199420
1.196956
1.198001
1.202403
1.197714
1.197233
1.243415
1.200556
1.198110
1.203116
1.202159
1.198844
1.195830
1.207011
1.195445
1.195569
1.202340
1.192439
1.192461
1.196964
1.191649
1.191434
1.191095
1.206933
1.192934
1.193759
1.199486
1.194826
1.194883
1.197538
1.198886
1.195147
1.194542
1.203252
1.198951
1.199138
1.206939
1.200673
1.199507
1.221118
1.202975
1.201584
1.201000
1.206026
1.202054
1.200713
1.205610
1.201914
1.201681
1.205072
1.205571
1.201386
1.202306
1.209872
1.202116
1.207405
1.212337
1.204347
1.203936
1.207171
1.205502
1.206030
1.207721
1.205227
1.205263
1.206148
1.209556
1.206254
1.205596
1.211019
1.207642
1.199791
1.196310
1.199435
1.194940
1.198509
1.199508
1.194042
1.192223
1.198561
1.222233
1.199094
1.197515
1.195499
1.193475
1.194105
1.198144
1.196635
1.197164
1.207767
1.195954
1.194842
1.197924
1.196726
1.198227
1.197088
1.199728
1.197579
1.196356
1.201008
1.198125
1.197170
1.206141
1.203406
1.198475
1.198345
1.255288
1.201015
1.199201
1.203935
1.199132
1.199574
1.293379
1.204396
1.199514
1.199191
1.208039
1.201977
1.200628
1.218176
1.201991
1.201997
1.212091
1.212082
1.203315
1.203147
1.208384
1.203388
1.203993
1.208432
1.204511
1.204326
1.208464
1.201708
1.201085
1.200200
1.207354
1.200618
1.202079
1.214071
1.208736
1.201096
1.208951
1.206826
1.206504
1.209151
1.210186
1.207642
1.197133
1.197610
1.193639
1.196560
1.199314
1.194302
1.195516
1.195719
1.201912
1.192576
1.193494
1.197979
1.194075
1.194327
1.198247
1.203782
1.212821
1.201104
1.195138
1.197683
1.195096
1.214018
1.196567
1.196805
1.200057
1.202558
1.197235
1.204004
1.201275
1.199042
1.200656
1.276844
1.199635
1.198895
1.203423
1.200833
1.197937
1.217873
1.201754
1.203888
1.198829
1.207229
1.205066
1.201538
1.208056
1.202041
1.200725
1.204912
1.202085
1.202106
1.200370
1.206210
1.201014
1.202279
1.204898
1.202271
1.200914
1.205878
1.207142
1.202846
1.201064
1.207884
1.203315
1.205823
1.207849
1.205928
1.203305
1.211207
1.204048
1.205466
1.204274
1.210421
1.205716
1.205431
1.209290
1.212020
1.206773
1.200306
1.194688
1.196257
1.196475
1.198795
1.194164
1.192284
1.196423
1.191887
1.191877
1.195176
1.195148
1.193074
1.194919
1.203939
1.200015
1.194195
1.199313
1.195236
1.196033
1.200712
1.203086
1.231549
1.197218
1.199558
1.192385
1.193766
1.198018
1.195168
1.194098
1.200793
1.195620
1.199108
1.195541
1.208215
1.197520
1.196276
1.201538
1.197431
1.196971
1.202258
1.196100
1.195097
1.196236
1.323286
1.205189
1.202138
1.202687
1.204693
1.197610
1.215652
1.198476
1.196426
1.202337
1.204236
1.200152
1.197738
1.206460
1.199166
1.199425
1.209075
1.201622
1.198311
1.205846
1.204498
1.209253
1.203880
1.211586
1.204516
1.204511
1.233787
1.209241
1.208878
1.214478
1.206443
1.205471
1.205775
1.212435
1.194539
1.192275
1.199634
1.197365
1.199827
1.196502
1.192829
1.192729
1.194105
1.201033
1.197994
1.193159
1.199197
1.193734
1.194739
1.198215
1.195882
1.194916
1.196492
1.198299
1.201647
1.195424
1.199738
1.196176
1.196526
1.200599
1.197080
1.207413
1.219659
1.201420
1.197390
1.200083
1.201454
1.197120
1.198505
1.202301
1.202633
1.204148
1.199780
1.203712
1.202887
1.200018
1.205425
1.199855
1.200960
1.204803
1.201903
1.201331
1.201612
1.205702
1.202579
1.201518
1.207618
1.202244
1.206685
1.207372
1.204403
1.202961
1.206358
1.208966
1.200361
1.200035
1.210401
1.204766
1.203019
1.211507
1.202989
1.203999
1.202722
1.214579
1.202358
1.206326
1.211924
1.203765
1.204629
1.208814
1.194598
1.189719
1.194488
1.193870
1.195390
1.191340
