0.570689
0.565186
0.565035
0.564219
0.560789
0.562686
0.563468
0.559850
0.568457
0.572267
0.564932
0.566182
0.570565
0.561632
0.566522
0.563223
0.560987
0.566734
0.563912
0.559505
0.563023
0.567050
0.565826
0.561846
0.574116
0.564022
0.567539
0.559703
0.566280
0.562430
0.568841
0.565330
0.572232
0.559479
0.566706
0.568129
0.559564
0.559163
0.569869
0.561619
0.562331
0.565368
0.568535
0.566101
0.559395
0.562372
0.560640
0.557426
0.562328
0.567839
0.562391
0.562911
0.566524
0.575432
0.557406
0.572573
0.561292
0.562695
0.562078
0.565550
0.571892
0.563549
0.565102
0.562904
0.566074
0.564847
0.565801
0.562714
0.560630
0.564192
0.564439
0.563866
0.561142
0.567364
0.565987
0.566497
0.561456
0.564624
0.563251
0.565049
0.570875
0.564486
0.561375
0.563420
0.570362
0.569637
0.560818
0.560666
0.570884
0.563023
0.560610
0.563814
0.566471
0.564317
0.565254
0.568278
0.571492
0.570738
0.563404
0.564179
0.561014
0.559347
0.560706
0.562300
0.561746
0.562696
0.564769
0.560351
0.566184
0.564119
0.562655
0.561167
0.569828
0.568887
0.564021
0.564444
0.559470
0.562169
0.563894
0.569622
0.557931
0.562900
0.569041
0.562363
0.561812
0.567537
0.570110
0.562424
0.562409
0.562012
0.567089
0.566121
0.570782
0.561717
0.569432
0.566730
0.562694
0.563174
0.562046
0.563665
0.566811
0.569359
0.561113
0.560101
0.563622
0.565492
0.561980
0.558039
0.566653
0.561926
0.564700
0.562483
0.569613
0.564481
0.561625
0.564971
0.572284
0.563518
0.564277
0.562385
0.568969
0.561318
0.564930
0.564801
0.560143
0.564866
0.564409
0.560744
0.572358
0.562153
0.556856
0.562008
0.566508
0.564743
0.563677
0.561582
0.563433
0.560565
0.561241
0.565061
0.565590
0.559941
0.561469
0.562915
0.564024
0.561074
0.567731
0.563599
0.560803
0.566227
0.565183
0.564309
0.566531
0.563225
0.565092
0.559225
0.560943
0.565817
0.562778
0.565292
0.564930
0.565491
0.562216
0.561489
0.562667
0.564778
0.564307
0.560258
0.573888
0.561504
0.563770
0.564325
0.575738
0.560568
0.569295
0.566587
0.562407
0.562586
0.563973
0.564127
0.562055
0.559368
0.563166
0.559963
0.564078
0.576991
0.565559
0.560194
0.564595
0.565668
0.561667
0.562144
0.559131
0.561091
0.563929
0.569952
0.574007
0.566915
0.562004
0.562565
0.570324
0.558319
0.560668
0.563627
0.560138
0.559222
0.566640
0.564097
0.570744
0.560238
0.565398
0.561330
0.561038
0.572378
0.564156
0.564949
0.557466
0.565325
0.560875
0.565459
0.562579
0.557815
0.559654
0.561739
0.558407
0.566129
0.559201
0.559674
0.561806
0.562016
0.566218
0.557859
0.559331
0.561077
0.559324
0.561090
0.561149
0.558868
0.560737
0.568107
0.567587
0.568097
0.562260
0.560001
0.559343
0.566475
0.569808
0.567477
0.569985
0.554288
0.556627
0.560711
0.563619
0.566607
0.556637
0.561946
0.573153
0.563408
0.562515
0.563733
0.564860
0.559971
0.561878
0.566107
0.563069
0.559096
0.563613
0.562165
0.567637
0.572946
0.559772
0.567339
0.563177
0.561478
0.563843
0.563957
0.560451
0.566006
0.566255
0.560029
0.564435
0.566278
0.562244
0.562750
0.561877
0.562996
0.562708
0.555442
0.566976
0.560812
0.556502
0.562086
0.562976
0.557455
0.563567
0.566065
0.562111
0.557075
0.562942
0.560032
0.561081
0.562183
0.562994
0.564973
0.557843
0.563726
0.564599
0.561842
0.563328
0.565931
0.560181
0.560755
0.571175
0.566308
0.561187
0.561891
0.565762
0.563753
0.563139
0.561674
0.562690
0.567732
0.563334
0.564089
0.567048
0.557408
0.562661
0.563263
0.562664
0.559964
0.557381
0.563757
0.556800
0.557657
0.562675
0.565371
0.561693
0.562145
0.562647
0.562735
0.559475
0.566038
0.565694
0.560073
0.563140
0.564924
0.564863
0.560223
0.568465
0.568760
0.560208
0.559364
0.563368
0.558784
0.565746
0.561033
0.566900
0.564482
0.562441
0.563338
0.559118
0.562167
0.560868
0.563184
0.560237
0.561656
0.566035
0.558254
0.569618
0.561765
0.560579
0.561265
0.565866
0.561230
0.560929
0.563140
0.565609
0.569663
0.562216
0.563717
0.574696
0.564106
0.564713
0.565729
0.562877
0.563326
0.560364
0.564685
0.563144
0.560430
0.561550
0.564735
0.557469
0.562852
0.563428
0.562636
0.565812
0.561812
0.564085
0.563666
0.560789
0.570399
0.561740
0.558118
0.561188
0.564457
0.559532
0.561046
0.565251
0.559588
0.561956
0.564241
0.567132
0.562601
0.564324
0.565624
0.558173
0.561484
0.558261
0.564951
0.569001
0.564563
0.565074
0.564148
0.559436
0.573138
0.564490
0.564303
0.559490
0.565685
0.567143
0.559860
0.575705
0.565476
0.560815
0.562073
0.569402
0.563306
0.564773
0.560022
0.569116
0.564590
0.563102
0.567012
0.565268
0.563939
0.561635
0.565525
0.562763
0.564833
0.566543
0.557741
0.573985
0.562793
0.564832
0.561239
0.569082
0.561633
0.565884
0.571152
0.564431
0.564331
0.563511
0.564250
0.561745
0.567927
0.562683
0.562357
0.565283
0.569248
0.566202
0.565265
0.566459
0.561360
0.567183
0.564905
0.567956
0.559276
0.566797
0.560421
0.564994
0.570339
0.559346
0.562366
2.100977
0.570105
0.565801
0.562184
0.564019
0.561702
0.562841
0.566142
0.567293
0.575523
0.562348
0.558442
0.578039
0.573600
0.562073
0.561420
0.561362
0.564482
0.559016
0.566535
0.569655
0.567516
0.569821
0.564868
0.567713
0.569321
0.565165
0.559971
0.562133
0.565041
0.562489
0.559009
0.561254
0.560763
0.566139
0.560259
0.562338
0.559597
0.561713
0.560958
0.564935
0.558229
0.558938
0.557334
0.564625
0.563775
0.561114
0.567020
0.570162
0.564964
0.561760
0.559943
0.558192
0.574425
0.565238
0.562357
0.560407
0.560193
0.564368
0.566595
0.565953
0.562601
0.566279
0.567904
0.560184
0.566437
0.565365
0.561430
0.559305
0.576776
0.563325
0.558868
0.564727
0.562671
0.563294
0.563485
0.564603
0.560808
0.562091
0.559986
0.575307
0.562588
0.562711
0.562604
0.564817
0.557811
0.562456
0.562744
0.561482
0.564718
0.563112
0.561016
0.571248
0.563483
0.562511
0.561941
0.562547
0.561595
0.563239
0.557347
0.573798
0.567179
0.555792
0.563355
0.561399
0.559039
0.561201
0.562950
0.563598
0.562809
0.563726
0.563561
0.566708
0.560678
0.564329
0.556864
0.558530
0.570157
0.565590
0.568390
0.560258
0.561670
0.559448
0.562135
0.563328
0.574420
0.565713
0.562795
0.559747
0.568775
0.557261
0.559352
0.564548
0.565213
0.563819
0.562363
0.565151
0.565924
0.560679
0.562051
0.565096
0.563349
0.560511
0.564928
0.561497
0.561539
0.563367
0.559281
0.559102
0.561466
0.564327
0.557370
0.559377
0.573455
0.573002
0.564774
0.563745
0.567016
0.561455
0.562827
0.564777
0.563730
0.562011
0.561865
0.574176
0.562380
0.562694
0.565624
0.572410
0.570153
0.564953
0.567233
0.562447
0.559102
0.566159
0.564237
0.560766
0.561776
0.562055
0.566564
0.561366
0.564938
0.570008
0.564740
0.561791
0.562843
0.563535
0.558741
0.561447
0.565533
0.563382
0.558970
0.569828
0.564623
0.559819
0.565453
0.573829
0.567966
0.563006
0.562557
0.563737
0.562760
0.566987
0.569596
0.560096
0.562142
0.560886
0.567968
0.559658
0.570922
0.561938
0.565059
0.565533
0.568884
0.561414
0.563583
0.575042
0.566610
0.564472
0.564516
0.562456
0.566613
0.565026
0.561203
0.564030
0.565507
0.561500
0.563569
0.573651
0.562835
0.562923
0.568538
0.566610
0.562511
0.564322
0.567925
0.561165
0.570165
0.567630
0.566658
0.561492
0.569979
0.565079
0.561900
0.562469
0.560240
0.566265
0.562852
0.562749
0.565780
0.565092
0.559110
0.566263
0.564081
0.564285
0.563454
0.567144
0.560461
0.565347
0.563577
0.572312
0.564588
0.569082
0.569067
0.557451
0.560276
0.567298
0.564006
0.557518
0.560105
0.563595
0.564203
0.572076
0.567053
0.563345
0.561555
0.576148
0.560190
0.563596
0.559679
0.574004
0.570732
0.562926
0.559235
0.573700
0.561777
0.562750
0.561746
0.567080
0.564970
0.561999
0.565486
0.568553
0.570425
0.562870
0.564860
0.560703
0.567097
0.562932
0.563890
0.562917
0.556304
0.566068
0.569918
0.561731
0.564509
0.565284
0.565708
0.568742
0.572514
0.570282
0.562263
0.572555
0.561193
0.561846
0.561391
0.562181
0.565461
0.562835
0.565980
0.566126
0.570740
0.566646
0.560634
0.558160
0.559607
0.561630
0.563208
0.557272
0.560542
0.563227
0.566456
0.561215
0.563246
0.557268
0.561868
0.563285
0.560316
0.561381
0.562120
0.565229
0.564296
0.562210
0.568333
0.567177
0.567141
0.559166
0.562773
0.563522
0.561122
0.557760
0.564182
0.560989
0.565883
0.561303
0.563880
0.561386
0.560609
0.564159
0.566940
0.570242
0.558855
0.566874
0.566275
0.568347
0.569905
0.562952
0.559015
0.567235
0.562751
0.560322
0.563047
0.566223
0.564864
0.563398
0.559226
0.561684
0.564368
0.563004
0.561672
0.564882
0.560834
0.562605
0.566425
0.562499
0.561170
0.564443
0.564315
0.560216
0.559904
0.566811
0.561246
0.559619
0.577910
0.569197
0.560406
0.588116
0.562324
0.564890
0.562981
0.563596
0.566374
0.561060
0.564200
0.569757
0.567591
0.562716
0.564653
0.561832
0.565110
0.562178
0.566701
0.564015
0.564806
0.562190
0.562538
0.562303
0.560722
0.566753
0.560585
0.571959
0.592208
0.565704
0.566235
0.561305
0.564050
0.563998
0.559445
0.559715
0.561927
0.564594
0.562751
0.563903
0.565476
0.560879
0.557334
0.561294
0.558535
0.560505
0.564181
0.565495
0.559237
0.566978
0.566571
0.558351
0.569769
0.562279
0.567130
0.568619
0.567156
0.566638
0.568482
0.559760
0.562567
0.568191
0.561614
0.559507
0.563298
0.563732
0.561400
0.563345
0.565912
0.557518
0.564637
0.570004
0.562896
0.556612
0.561622
0.560488
0.561783
0.560427
0.567028
0.562161
0.563375
0.563580
0.565898
