0.560664
0.561230
0.557084
0.559316
0.552973
0.557325
0.554316
0.568271
0.561723
0.557104
0.552802
0.555702
0.552540
0.553650
0.553836
0.556521
0.553481
0.556195
0.554241
0.553268
0.556116
0.555091
0.559104
0.552409
0.556428
0.553179
0.554854
0.557994
0.554720
0.568727
0.561356
0.555464
0.553762
0.562951
0.559254
0.555976
0.556072
0.554598
0.552932
0.556027
0.559039
0.556558
0.554194
0.554352
0.554392
0.563592
0.555094
0.555740
0.557429
0.557241
0.553880
0.557077
0.556160
0.554180
0.551750
0.560539
0.551816
0.606816
0.560489
0.555133
0.556363
0.562456
0.554770
0.553242
0.553158
0.562513
0.559567
0.557607
0.557249
0.554648
0.557564
0.557186
0.558451
0.555598
0.554701
0.557025
0.557223
0.557497
0.557236
0.559595
0.559969
0.558622
0.552354
0.558718
0.552523
0.565917
0.555091
0.555541
0.554025
0.554656
0.559862
0.559274
0.554592
0.561621
0.559729
0.552046
0.554001
0.554833
0.561791
0.549687
0.551955
0.556477
0.554072
0.552364
0.557662
0.556297
0.551938
0.556389
0.555289
0.555240
0.553794
0.554561
0.552754
0.557880
0.552979
0.553455
0.554300
0.563753
0.564433
0.557386
0.557133
0.559643
0.558859
0.554965
0.551760
0.555068
0.547907
0.555252
0.555752
0.562356
0.553849
0.554468
0.553254
0.561382
0.557694
0.557904
0.554333
0.554963
0.554220
0.557790
0.554659
0.556434
0.559203
0.558394
0.552769
0.551605
0.551639
0.547638
0.554404
0.559677
0.553740
0.555139
0.550929
0.561827
0.557474
0.552050
0.557635
0.558434
0.557768
0.555562
0.554286
0.558668
0.555342
0.555543
0.556155
0.553868
0.550437
0.555116
0.554709
0.555056
0.550955
0.560001
0.563225
0.553369
0.557911
0.546988
0.551817
0.554412
0.553485
0.550857
0.554821
0.556760
0.558672
0.554629
0.552174
0.554816
0.556099
0.551142
0.566015
0.557997
0.553526
0.554889
0.553983
0.560254
0.554670
0.549851
0.552215
0.559297
0.555974
0.559643
0.552889
0.555746
0.553084
0.558321
0.556642
0.553786
0.557088
0.557891
0.554864
0.557704
0.555147
0.550616
0.553630
0.558911
0.550805
0.552403
0.553199
0.554379
0.553978
0.553197
0.553568
0.557847
0.556016
0.558465
0.560078
0.555906
0.554593
0.554861
0.554875
0.555374
0.552066
0.558516
0.561076
0.552003
0.554359
0.555455
0.553036
0.553816
0.559450
0.556887
0.555221
0.561696
0.556815
0.549340
0.554487
0.561341
0.556836
0.559636
0.555905
0.554018
0.555425
0.552547
0.554009
0.554788
0.556868
0.561916
0.556911
0.557410
0.554400
0.557386
0.554124
0.552850
0.552099
0.551454
0.558741
0.556673
0.558158
0.559329
0.556912
0.568642
0.553892
0.554215
0.555741
0.556128
0.557920
0.554515
0.555452
0.557657
0.553960
0.558096
0.555933
0.559432
0.557793
0.555864
0.551571
0.554903
0.555945
0.557902
0.560216
0.556448
0.559099
0.554151
0.552917
0.558116
0.555244
0.553233
0.552951
0.565846
0.553466
0.554670
0.556733
0.557300
0.557212
0.555069
0.551544
0.560812
0.554467
0.556400
0.559738
0.557318
0.556897
0.555747
0.552231
0.556399
0.555514
0.551229
0.557127
0.555230
0.552738
0.557489
0.556691
0.552026
0.557014
0.555871
0.558610
0.551551
0.560962
0.559038
0.554326
0.555939
0.554209
0.552013
0.554336
0.556607
0.555633
0.556075
0.553235
0.561384
0.557853
0.555131
0.553359
0.556513
0.556761
0.556562
0.554542
0.556891
0.553801
0.557652
0.559596
0.551659
0.563822
0.552638
0.557916
0.553436
0.553417
0.552753
0.554672
0.559071
0.552224
0.549296
0.553928
0.554289
0.558747
0.555663
0.559191
0.557246
0.557307
0.553445
0.562203
0.566172
0.556344
0.560087
0.563984
0.551133
0.558251
0.556220
0.556611
0.553214
0.556542
0.553909
0.557071
0.554430
0.552665
0.555798
0.560036
0.555888
0.556746
0.555116
0.558899
0.559411
0.557059
0.554793
0.556736
0.555879
0.559682
0.556274
0.556291
0.566943
0.556772
0.559131
0.566891
0.555487
0.554522
0.561200
0.559314
0.555714
0.555319
0.556124
0.560103
0.552138
0.555095
0.555246
0.559821
0.555801
0.560451
0.556466
0.556257
0.557766
0.562979
0.558112
0.553220
0.561746
0.558456
0.554935
0.555769
0.556583
0.550905
0.553003
0.558506
0.554126
0.559973
0.556685
0.556647
0.556354
0.560524
0.554559
0.558484
0.552818
0.556677
0.555841
0.553949
0.555127
0.551010
0.558580
0.557493
0.556275
0.552654
0.554892
0.555226
0.559716
0.558310
0.553588
0.556710
0.567677
0.558043
0.554727
0.561306
0.555951
0.553101
0.557760
0.552538
0.552931
0.555959
0.555739
0.557930
0.554854
0.553904
0.560184
0.555751
0.550049
0.560724
0.557709
0.555920
0.555394
0.556918
0.561586
0.552252
0.560752
0.555651
0.555683
0.554508
0.568304
0.556704
0.555263
0.555114
0.555998
0.557803
0.550831
0.556562
0.557441
0.552365
0.551995
0.563223
0.557369
0.553062
0.552809
0.555898
0.551913
0.558540
0.557085
0.551840
0.557276
0.553137
0.559645
0.562531
0.557699
0.552974
0.559300
0.556955
0.561127
0.553276
0.555276
0.553539
0.558414
0.555499
0.554141
0.553763
0.560530
0.559199
0.557350
0.558097
0.556948
0.557137
0.557143
0.557566
0.554436
0.555352
0.552614
0.559457
0.556432
0.554061
0.553885
0.559088
0.557398
0.555542
0.555727
0.554965
0.559159
0.558862
0.555702
0.554217
0.554485
0.551216
0.554556
0.552336
0.565045
0.564876
0.559421
0.557110
0.557016
0.557916
0.555466
0.554005
0.555580
0.557899
0.561838
0.559751
0.554758
0.554647
0.555962
0.559307
0.553931
0.558428
0.550827
0.557896
0.560203
0.553356
0.550928
0.555011
0.554756
0.559903
0.555404
0.554685
0.557418
0.561300
0.553509
0.554503
0.559009
0.553243
0.561353
0.555300
0.560259
0.550930
0.558692
0.554440
0.554945
0.556890
0.562510
0.552735
0.550378
0.558412
0.560069
0.552736
0.557826
0.555921
0.556174
0.558012
0.556035
0.560502
0.551953
0.554695
0.558515
0.555118
0.550795
0.557267
0.561333
0.555980
0.548644
0.554921
0.557241
0.552614
0.558289
0.555157
0.556811
0.557805
0.552357
0.560305
0.555892
0.558088
0.555765
0.562351
0.554389
0.556712
0.556793
0.554250
0.552709
0.554822
0.555152
0.558588
0.562369
0.557003
0.553841
0.553916
0.559928
0.554321
0.558206
0.556559
0.565262
0.560147
0.556752
0.558142
0.555878
0.557229
0.555936
0.557072
0.552336
0.554067
0.558292
0.564628
0.556086
0.560393
0.561824
0.565628
0.553755
0.555732
0.558294
0.554617
0.560549
0.561260
0.555343
0.554860
0.557960
0.554901
0.555038
0.554814
0.566599
0.555798
0.554782
0.556760
0.560801
0.557447
0.555917
0.563250
0.558800
0.579738
0.557181
0.554868
0.555441
0.556435
0.556856
0.555000
0.556915
0.554656
0.559522
0.559833
0.557788
0.557879
0.554313
0.557580
0.556191
0.566162
0.560071
0.551567
0.570504
0.551822
0.554255
0.553328
0.561531
0.559741
0.556265
0.557049
0.558697
0.554938
0.556438
0.554722
0.552517
0.557187
0.555619
0.562701
0.552970
0.556030
0.558096
0.558868
0.557331
0.554732
0.560024
0.559554
0.556056
0.554284
0.560930
0.552976
0.568107
0.562930
0.554945
0.558175
0.559924
0.559752
0.554091
0.552180
0.557264
0.561995
0.556011
0.559225
0.552842
0.556433
0.560571
0.556267
0.556008
0.555183
0.559493
0.556879
0.551116
0.560251
0.553582
0.558269
0.556468
0.556333
0.558702
0.555346
0.563948
0.553803
0.552368
0.554407
0.557353
0.559471
0.555273
0.555196
0.555044
0.556217
0.559062
0.565092
0.559752
0.553143
0.556701
0.560791
0.558946
0.554818
0.559093
0.553439
0.556186
0.554265
0.565639
0.562378
0.554543
0.554711
0.562321
0.554914
0.564546
0.554574
0.552315
0.555136
0.557646
0.554024
0.553551
0.554079
0.558603
0.557013
0.557171
0.556932
0.556630
0.556594
0.557064
0.558837
0.558454
0.555048
0.561735
0.553959
0.554400
0.552569
0.553990
0.555424
0.558599
0.555962
0.551404
0.556686
0.565831
0.559849
0.558798
0.554918
0.559271
0.556073
0.552826
0.554357
0.557896
0.558604
0.556484
0.553780
0.560006
0.552584
0.555418
0.561747
0.550880
0.555773
0.561354
0.555754
0.555850
0.559273
0.559654
0.562002
0.557016
0.552632
0.562401
0.554747
0.560404
0.555884
0.555166
0.559574
0.553697
0.554300
0.554360
0.554023
0.559989
0.555614
0.552432
0.558649
0.555298
0.556680
0.550835
0.551849
0.556344
0.557523
0.553540
0.555881
0.554260
0.555643
0.555555
0.553151
0.555387
0.556546
0.555822
0.558723
0.563041
0.556834
0.554193
0.557389
0.551612
0.559821
0.555240
0.556344
0.558536
0.556057
0.552638
0.550376
0.553121
0.551879
0.556514
0.555877
0.559256
0.560001
0.555186
0.558923
0.556582
0.554161
0.555797
0.559197
0.555682
0.557698
0.554341
0.551716
0.559030
0.553660
0.551069
0.559218
0.557507
0.554065
0.556710
0.557254
0.551789
0.560681
0.556421
0.553419
0.554081
0.557420
0.552244
0.549564
0.555124
0.555312
0.552732
0.549064
0.557532
0.550632
0.556499
0.556973
0.554004
0.555925
0.555055
0.553795
0.550547
0.555341
0.556739
0.554940
0.553990
0.550235
0.550463
0.555316
0.556853
0.556463
0.553718
0.553316
0.555005
0.551924
0.554773
0.554307
0.561291
0.559149
0.554981
0.551881
0.560026
0.553439
0.555203
0.554108
0.559495
0.559402
0.552478
0.558468
0.555465
0.555165
0.557687
0.554151
0.564549
0.557121
0.555839
0.551822
0.553088
0.558774
0.559860
0.558018
0.553014
0.556869
0.557807
0.553313
0.554530
0.556233
0.549503
0.553555
0.558794
0.556326
0.551759
0.555046
0.555900
0.552084
0.554249
0.556526
0.554922
0.552584
0.553950
0.561244
0.554923
0.556303
0.556752
0.556120
0.556023
0.551069
0.557691
0.557160
0.554769
0.555652
0.554209
0.552325
0.565582
0.558754
0.555114
0.552852
0.549524
0.555169
0.555290
0.553410
0.555380
0.565122
0.556505
