0.119759
0.091745
0.091114
0.091538
0.091690
0.106304
0.092462
0.092743
0.091439
0.091409
0.091153
0.091172
0.091136
0.090792
0.092010
0.091912
0.091415
0.092528
0.092334
0.091687
0.091883
0.092102
0.090846
0.092202
0.098219
0.091420
0.092239
0.092133
0.091499
0.092174
0.091396
0.091194
0.091455
0.091623
0.091539
0.091568
0.090912
0.092679
0.091541
0.091599
0.091311
0.091761
0.091313
0.091606
0.091015
0.091358
0.091885
0.091774
0.091999
0.092597
0.091567
0.091181
0.091462
0.091637
0.091651
0.091788
0.092556
0.092646
0.091453
0.090808
0.091926
0.091467
0.092006
0.091155
0.091500
0.091416
0.091766
0.091509
0.092228
0.091073
0.091525
0.092126
0.091516
0.091279
0.092347
0.091233
0.091145
0.093007
0.091586
0.091993
0.091852
0.091181
0.090877
0.092350
0.091211
0.091833
0.091850
0.092295
0.091558
0.091805
0.092346
0.092257
0.092176
0.092170
0.092446
0.090782
0.091343
0.091316
0.091656
0.090768
0.090321
0.098082
0.091837
0.092928
0.092831
0.091401
0.091385
0.090901
0.091663
0.091110
0.091831
0.092386
0.091309
0.092629
0.092195
0.092460
0.091377
0.091061
0.091632
0.090869
0.091477
0.092225
0.091111
0.091267
0.091520
0.091691
0.091132
0.091707
0.091432
0.091319
0.091870
0.091031
0.092899
0.090967
0.091345
0.091571
0.091953
0.091383
0.091346
0.091563
0.091287
0.091979
0.091675
0.092272
0.091464
0.092060
0.091834
0.091332
0.090909
0.091364
0.091432
0.091276
0.091112
0.091659
0.091302
0.091474
0.091697
0.092895
0.091959
0.091666
0.091464
0.092078
0.091272
0.091477
0.098198
0.092282
0.091160
0.091056
0.091132
0.091683
0.091499
0.091644
0.091309
0.091500
0.091500
0.090812
0.091728
0.091853
0.091492
0.091176
0.091953
0.091629
0.091826
0.091934
0.092080
0.091403
0.091397
0.091324
0.091273
0.091548
0.091324
0.092675
0.091103
0.091409
0.091883
0.091320
0.091182
0.091155
0.091881
0.091260
0.092159
0.091924
0.091582
0.091035
0.091657
0.090974
0.091302
0.091639
0.092028
0.092042
0.092334
0.091634
0.091343
0.091636
0.091062
0.092514
0.091762
0.091969
0.092345
0.090932
0.091221
0.091152
0.091248
0.090988
0.091492
0.090843
0.091500
0.091069
0.090871
0.091033
0.091847
0.091962
0.093010
0.091193
0.092486
0.090913
0.091977
0.091298
0.091458
0.092055
0.091104
0.090751
0.090974
0.091865
0.091126
0.091369
0.091229
0.091269
0.092188
0.091950
0.091270
0.091368
0.091554
0.091214
0.092496
0.091314
0.091801
0.091298
0.091417
0.091124
0.091554
0.092929
0.092223
0.091721
0.091253
0.092321
0.090934
0.091449
0.092059
0.091299
0.091049
0.091746
0.090802
0.091117
0.091552
0.092480
0.093056
0.091361
0.092756
0.092310
0.091628
0.105072
0.091808
0.091672
0.091022
0.091540
0.092207
0.092050
0.091099
0.091395
0.091441
0.092219
0.092225
0.091550
0.091024
0.091513
0.091739
0.091698
0.090947
0.091108
0.090927
0.091497
0.092685
0.091907
0.091213
0.092120
0.098167
0.090854
0.091535
0.091374
0.091544
0.091410
0.091395
0.091708
0.092007
0.091376
0.091593
0.091492
0.091634
0.090856
0.091755
0.091478
0.091153
0.091873
0.092272
0.091175
0.091238
0.091928
0.091585
0.091470
0.092086
0.090814
0.091423
0.091076
0.093256
0.091415
0.091110
0.097930
0.091779
0.090931
0.091769
0.091906
0.091039
0.091430
0.090923
0.090736
0.091588
0.090789
0.091334
0.091276
0.091156
0.090957
0.092302
0.091555
0.090961
0.091135
0.092236
0.091374
0.092118
0.091590
0.091491
0.091334
0.091696
0.091993
0.091727
0.091141
0.091418
0.091234
0.091524
0.091915
0.091905
0.090998
0.091743
0.090680
0.091568
0.091097
0.091637
0.091387
0.091908
0.091171
0.091892
0.091718
0.091559
0.091777
0.091238
0.092407
0.091259
0.091692
0.091012
0.090688
0.091957
0.091342
0.092080
0.091376
0.091683
0.092168
0.092392
0.091048
0.091911
0.092013
0.090753
0.092217
0.092899
0.091804
0.091612
0.091441
0.091535
0.091512
0.091793
0.091398
0.091671
0.091231
0.091254
0.092352
0.091510
0.091157
0.091928
0.091150
0.091325
0.091679
0.091248
0.091346
0.091459
0.092086
0.092064
0.092013
0.091272
0.091565
0.092666
0.091686
0.090909
0.091185
0.092073
0.092095
0.091408
0.091719
0.092101
0.092908
0.091649
0.091263
0.092288
0.092582
0.091362
0.091901
0.091526
0.091267
0.091663
0.091264
0.092114
0.091615
0.092843
0.091767
0.091380
0.092439
0.091380
0.091561
0.091371
0.090755
0.091145
0.092712
0.090463
0.091320
0.091126
0.092268
0.091751
0.091085
0.103272
0.091435
0.092093
0.091457
0.091370
0.091399
0.091915
0.091158
0.091493
0.092098
0.091364
0.090919
0.091278
0.092199
0.092237
0.092294
0.091978
0.091622
0.090867
0.091483
0.090631
0.091545
0.091358
0.091339
0.091072
0.091376
0.091539
0.091828
0.091814
0.091037
0.091023
0.092912
0.091856
0.091324
0.091921
0.091152
0.092335
0.092820
0.090950
0.091199
0.091560
0.091582
0.105382
0.092768
0.091521
0.091223
0.092442
0.092256
0.092751
0.091383
0.091898
0.091404
0.090980
0.091426
0.091307
0.090865
0.091787
0.091404
0.090956
0.092390
0.091306
0.091881
0.091302
0.090966
0.092126
0.091071
0.091458
0.091535
0.091080
0.091061
0.091915
0.097850
0.091335
0.091350
0.092153
0.091771
0.091211
0.092484
0.090692
0.091219
0.091820
0.092251
0.091164
0.091893
0.091245
0.091750
0.090915
0.091252
0.092213
0.091054
0.091318
0.091388
0.091446
0.091409
0.092178
0.091813
0.090518
0.090721
0.091153
0.090593
0.091306
0.090606
0.091378
0.091090
0.090974
0.091321
0.091814
0.091353
0.092042
0.092221
0.091972
0.091609
0.092489
0.105261
0.091152
0.092767
0.091267
0.091208
0.091297
0.091067
0.091408
0.091226
0.091344
0.090848
0.091680
0.091542
0.091669
0.091753
0.091221
0.091486
0.091185
0.092870
0.091678
0.091403
0.091398
0.091865
0.091903
0.090731
0.096989
0.091505
0.091142
0.091653
0.092206
0.091196
0.090677
0.091530
0.091635
0.092005
0.091265
0.092536
0.092127
0.091343
0.090849
0.091419
0.091658
0.091400
0.091854
0.092408
0.091508
0.092361
0.092699
0.091320
0.091711
0.092187
0.090990
0.091471
0.091225
0.091104
0.091440
0.091487
0.093018
0.091516
0.091710
0.091293
0.092394
0.090923
0.091520
0.092207
0.091059
0.092145
0.097473
0.090786
0.090865
0.091010
0.090875
0.091684
0.091748
0.091393
0.091234
0.092794
0.092505
0.092067
0.092171
0.092024
0.091241
0.091776
0.091649
0.091508
0.092117
0.092216
0.091195
0.091807
0.091719
0.090952
0.091323
0.091216
0.091941
0.091524
0.092728
0.091233
0.091595
0.091867
0.091349
0.092110
0.091960
0.092497
0.091934
0.091339
0.091311
0.091227
0.091836
0.091186
0.098981
0.091510
0.091044
0.092026
0.091572
0.091588
0.091774
0.092687
0.091381
0.092015
0.091987
0.092472
0.092200
0.092517
0.090905
0.092053
0.092470
0.091422
0.092479
0.091225
0.091262
0.091575
0.092587
0.091351
0.091687
0.098617
0.091205
0.092228
0.091569
0.090698
0.091224
0.091482
0.091153
0.091628
0.091134
0.092159
0.090812
0.091249
0.090901
0.091314
0.091379
0.092416
0.091145
0.091821
0.092212
0.091679
0.092204
0.092018
0.091309
0.091406
0.091707
0.091518
0.091012
0.090957
0.092119
0.091593
0.092227
0.091611
0.091319
0.092718
0.091499
0.092734
0.091178
0.091901
0.092432
0.091628
0.091725
0.091527
0.091917
0.092778
0.092480
0.091771
0.091687
0.091269
0.092044
0.090915
0.091544
0.090904
0.091574
0.091351
0.091427
0.090881
0.091018
0.090893
0.091749
0.091441
0.091036
0.091820
0.092453
0.091136
0.091019
0.091353
0.092513
0.091019
0.091283
0.091579
0.091364
0.097701
0.091529
0.090985
0.091792
0.091061
0.091410
0.092427
0.092056
0.090954
0.090894
0.091586
0.091493
0.091525
0.091188
0.091312
0.092045
0.091551
0.091194
0.091119
0.091342
0.091240
0.091662
0.091409
0.092627
0.091555
0.093337
0.092578
0.091550
0.091062
0.096340
0.092225
0.091638
0.091505
0.092175
0.091290
0.091150
0.091495
0.091363
0.097877
0.091318
0.090866
0.091330
0.090760
0.091813
0.092264
0.091285
0.091186
0.091222
0.091411
0.091459
0.091453
0.092119
0.091291
0.091889
0.091463
0.090896
0.091159
0.091888
0.091311
0.091007
0.091425
0.092123
0.091171
0.090703
0.090799
0.091001
0.092133
0.091083
0.091390
0.091696
0.091379
0.096965
0.091146
0.093039
0.091041
0.091578
0.091724
0.091354
0.091120
0.091443
0.092196
0.092699
0.091508
0.091188
0.092180
0.091934
0.092698
0.091158
0.090948
0.090914
0.092186
0.091799
0.091713
0.091061
0.091690
0.091718
0.090908
0.091672
0.091539
0.091596
0.091286
0.091315
0.091868
0.091166
0.091409
0.091135
0.091052
0.092410
0.092735
0.090968
0.091285
0.092311
0.091587
0.097083
0.091115
0.091364
0.092012
0.091366
0.091580
0.091481
0.091003
0.091950
0.091834
0.091347
0.091599
0.091741
0.091977
0.091738
0.091328
0.091109
0.091966
0.091935
0.092376
0.091754
0.091151
0.091002
0.092334
0.091872
0.091425
0.092295
0.091790
0.090749
0.091340
0.091952
0.091095
0.090720
0.096174
0.091189
0.092453
0.092166
0.092602
0.091651
0.091128
0.090758
0.091645
0.090849
0.091462
0.091855
0.091919
0.090991
0.091095
0.091768
0.091890
0.091431
0.091967
0.092170
0.091164
0.091008
0.092443
0.091852
0.091178
0.091632
0.091714
0.092422
0.091502
0.092597
0.091410
0.091687
0.091164
0.091236
0.091513
0.091380
0.091422
0.092267
0.092062
0.091114
0.091713
0.091499
0.091139
0.091793
0.091228
0.091767
0.091179
0.091926
0.091526
0.090642
0.091767
0.092928
0.090990
0.091966
0.105007
0.091921
0.090773
0.091237
0.091683
0.091524
0.091208
0.092471
0.092434
0.091238
0.091415
0.091415
0.091418
0.090826
0.092718
