0.077521
0.076426
0.075616
0.075208
0.075763
0.075008
0.075848
0.074855
0.076286
0.075535
0.074368
0.077649
0.075310
0.075459
0.077505
0.075572
0.074183
0.075782
0.076020
0.076149
0.075760
0.074617
0.081206
0.076421
0.075081
0.076980
0.077165
0.075468
0.075801
0.076881
0.074805
0.077666
0.076463
0.073404
0.074647
0.076960
0.075073
0.076088
0.076365
0.076643
0.073726
0.076272
0.075509
0.075841
0.075927
0.075508
0.075325
0.077774
0.074809
0.077492
0.076631
0.076471
0.074591
0.076400
0.076487
0.077571
0.078018
0.076954
0.075212
0.077001
0.075254
0.078267
0.076502
0.077028
0.075468
0.075458
0.077692
0.074962
0.077061
0.076423
0.074217
0.075284
0.074804
0.076064
0.076217
0.075590
0.078002
0.074212
0.074594
0.078079
0.074146
0.076991
0.076599
0.075280
0.075605
0.076405
0.081430
0.075875
0.074659
0.076565
0.076713
0.074138
0.075597
0.075783
0.077269
0.076237
0.076473
0.075654
0.075099
0.076550
0.073289
0.076546
0.075416
0.074359
0.075308
0.074904
0.076362
0.075396
0.075219
0.076589
0.075068
0.075729
0.077576
0.076135
0.075686
0.074778
0.073810
0.075892
0.075030
0.075055
0.076766
0.077520
0.077380
0.075901
0.075229
0.076345
0.077169
0.074970
0.075320
0.076820
0.077493
0.076739
0.075594
0.077118
0.075712
0.075915
0.075900
0.076517
0.076921
0.077163
0.075965
0.076828
0.075143
0.076415
0.075296
0.074054
0.076506
0.075670
0.073913
0.076816
0.074417
0.075657
0.075967
0.074601
0.075923
0.076701
0.075323
0.077774
0.076495
0.076060
0.075527
0.075503
0.078183
0.074483
0.077319
0.076346
0.075606
0.075957
0.074956
0.076019
0.075587
0.076129
0.077593
0.076774
0.076186
0.077106
0.074544
0.076122
0.075754
0.075379
0.074229
0.077293
0.076462
0.075939
0.075392
0.074810
0.077535
0.076701
0.074041
0.076462
0.076540
0.075332
0.075406
0.075791
0.076726
0.076475
0.075576
0.075755
0.075602
0.076536
0.076131
0.076568
0.077976
0.073585
0.076653
0.074706
0.074659
0.075574
0.075578
0.075617
0.076080
0.076854
0.074768
0.077751
0.075694
0.076327
0.077079
0.076091
0.075629
0.075794
0.075227
0.075644
0.077523
0.075606
0.075333
0.076253
0.074176
0.077778
0.074844
0.075737
0.075586
0.075146
0.074819
0.077130
0.075701
0.076835
0.074924
0.076539
0.074492
0.077092
0.075213
0.075640
0.074839
0.075008
0.075576
0.076134
0.076001
0.077042
0.075974
0.076338
0.076532
0.077377
0.075639
0.074450
0.075701
0.077542
0.075808
0.076244
0.075639
0.077466
0.076586
0.076747
0.074144
0.075606
0.076037
0.075970
0.075390
0.075691
0.074547
0.075861
0.075986
0.076647
0.075100
0.076389
0.076899
0.076466
0.074880
0.074279
0.073589
0.075768
0.075344
0.074866
0.076917
0.074290
0.075378
0.075746
0.081295
0.074886
0.076015
0.076405
0.075619
0.076708
0.075390
0.075349
0.074825
0.075473
0.075447
0.076606
0.074582
0.076559
0.076777
0.075149
0.081711
0.076727
0.075252
0.075307
0.074183
0.076134
0.074738
0.075147
0.077877
0.076662
0.075215
0.073717
0.076100
0.073708
0.076870
0.076196
0.075215
0.074852
0.074950
0.076159
0.077139
0.076383
0.076421
0.076853
0.075226
0.075343
0.077845
0.076382
0.073931
0.075601
0.075802
0.075408
0.075586
0.074737
0.075613
0.075486
0.076354
0.078768
0.074575
0.073483
0.076060
0.076352
0.074850
0.074731
0.077003
0.075767
0.076547
0.076259
0.075338
0.078814
0.074461
0.077655
0.076259
0.076630
0.075076
0.075209
0.074508
0.076152
0.074906
0.075790
0.075094
0.074849
0.076621
0.075967
0.075732
0.075131
0.073554
0.077503
0.076119
0.075940
0.075347
0.074730
0.076539
0.076096
0.075077
0.074595
0.075075
0.076281
0.075231
0.076908
0.074885
0.074063
0.076949
0.075178
0.075997
0.076301
0.073982
0.075129
0.076769
0.076923
0.075240
0.075328
0.077889
0.074656
0.076173
0.075226
0.075710
0.076582
0.075484
0.074440
0.075563
0.075282
0.077472
0.075662
0.076828
0.076556
0.075594
0.076261
0.076842
0.073923
0.076814
0.074377
0.077324
0.074616
0.076514
0.075431
0.074661
0.075487
0.075266
0.077009
0.075986
0.075070
0.076127
0.074829
0.075921
0.076266
0.076338
0.076750
0.082903
0.075955
0.077172
0.075981
0.075919
0.074933
0.074592
0.077342
0.076144
0.075349
0.074458
0.076634
0.075816
0.074586
0.075685
0.076860
0.075730
0.077053
0.074702
0.074423
0.075072
0.077263
0.075202
0.074832
0.076264
0.075360
0.075203
0.076864
0.083367
0.074591
0.073258
0.076546
0.074821
0.074827
0.075427
0.076203
0.076828
0.075633
0.075315
0.075593
0.077958
0.074984
0.074539
0.077159
0.075556
0.076461
0.075263
0.075023
0.076488
0.075986
0.073381
0.075630
0.077290
0.075134
0.076411
0.075523
0.081033
0.076722
0.075634
0.076144
0.075150
0.073778
0.075527
0.075387
0.076466
0.075812
0.076973
0.076724
0.075636
0.078687
0.075216
0.077364
0.075764
0.073765
0.074258
0.077845
0.077164
0.075528
0.073909
0.075538
0.075130
0.076486
0.077983
0.077356
0.075764
0.075094
0.076487
0.079056
0.074716
0.076379
0.074004
0.075515
0.075746
0.076087
0.074878
0.076391
0.077553
0.075893
0.075129
0.076344
0.075713
0.076957
0.075505
0.074707
0.074110
0.076068
0.076714
0.076316
0.073752
0.076938
0.075233
0.076745
0.076229
0.074707
0.076350
0.076918
0.077341
0.076240
0.074581
0.076222
0.074243
0.074456
0.074638
0.075685
0.076449
0.076688
0.076340
0.076111
0.075460
0.075387
0.076802
0.075827
0.075805
0.075359
0.076351
0.075089
0.077924
0.076000
0.072836
0.075037
0.074589
0.076735
0.075685
0.076484
0.077488
0.076074
0.075179
0.075862
0.074239
0.075538
0.075201
0.075320
0.076207
0.076005
0.076276
0.078034
0.074549
0.077474
0.074565
0.076621
0.077863
0.076929
0.077095
0.075155
0.076636
0.076920
0.074289
0.077443
0.076301
0.075363
0.075746
0.075210
0.074987
0.075374
0.075215
0.075810
0.077823
0.075147
0.075297
0.075814
0.076076
0.075281
0.076204
0.080736
0.076268
0.074974
0.075836
0.075115
0.075625
0.076102
0.074387
0.075584
0.078829
0.075201
0.075370
0.077028
0.075041
0.077148
0.075742
0.076486
0.076949
0.074233
0.075817
0.076520
0.075872
0.077883
0.074840
0.075202
0.074461
0.076837
0.074931
0.078819
0.074375
0.073968
0.074179
0.076416
0.081911
0.074197
0.074556
0.076737
0.076081
0.077399
0.076739
0.076346
0.084862
0.075152
0.076568
0.075896
0.075013
0.079351
0.077517
0.075477
0.076051
0.076858
0.075487
0.076690
0.076856
0.075280
0.075262
0.075786
0.076327
0.075731
0.076966
0.075596
0.077845
0.076344
0.075397
0.077596
0.075996
0.076767
0.075675
0.075568
0.075620
0.075478
0.075294
0.075650
0.076435
0.074794
0.076839
0.075898
0.077679
0.075058
0.075490
0.076041
0.075218
0.075556
0.076175
0.075723
0.075402
0.076970
0.074653
0.075507
0.076279
0.075080
0.074029
0.077025
0.076770
0.074660
0.075196
0.075906
0.074995
0.075531
0.074421
0.074431
0.077773
0.074888
0.074613
0.075777
0.075715
0.074633
0.075433
0.077699
0.075274
0.076549
0.074253
0.077203
0.076738
0.075401
0.074518
0.075643
0.075395
0.077573
0.074862
0.074413
0.084109
0.076171
0.075302
0.076795
0.076442
0.076549
0.075084
0.075865
0.075222
0.074382
0.077596
0.075268
0.074451
0.076502
0.074351
0.075024
0.082238
0.074882
0.075175
0.074796
0.076019
0.077157
0.077689
0.075018
0.077889
0.076118
0.076006
0.077040
0.078003
0.077532
0.075364
0.075683
0.075305
0.077256
0.076259
0.075693
0.074705
0.074198
0.074607
0.076734
0.076301
0.075059
0.074871
0.076590
0.075294
0.077633
0.076589
0.075977
0.076348
0.075620
0.075551
0.074950
0.075371
0.074792
0.076229
0.076788
0.076392
0.075414
0.074925
0.076482
0.077659
0.075080
0.075554
0.075600
0.076789
0.075540
0.075291
0.075784
0.076798
0.076909
0.076456
0.075135
0.076332
0.075764
0.076123
0.074748
0.075626
0.076848
0.076142
0.075884
0.075005
0.076633
0.076533
0.077808
0.074022
0.075820
0.073419
0.075877
0.073839
0.075786
0.074255
0.077286
0.076652
0.075988
0.074388
0.076626
0.077104
0.076404
0.075030
0.074731
0.081721
0.076846
0.075368
0.074996
0.073845
0.076784
0.076036
0.076416
0.074829
0.075714
0.076329
0.075579
0.076756
0.075953
0.075832
0.076931
0.080270
0.076980
0.074820
0.074348
0.076470
0.075524
0.075638
0.075556
0.075410
0.075194
0.074492
0.074978
0.076274
0.076302
0.074466
0.075615
0.076778
0.075943
0.075239
0.078244
0.076352
0.077260
0.077474
0.075356
0.075525
0.076260
0.076249
0.076938
0.075071
0.077079
0.074526
0.074926
0.076475
0.075239
0.076441
0.074784
0.074517
0.075722
0.074153
0.075941
0.076664
0.077231
0.076195
0.076467
0.076885
0.077306
0.075094
0.077362
0.074633
0.075340
0.075941
0.076307
0.075388
0.076080
0.074972
0.077665
0.074966
0.074401
0.075670
0.076651
0.076348
0.076480
0.075659
0.075384
0.076214
0.076095
0.075569
0.074537
0.074694
0.074219
0.075387
0.076304
0.077530
0.077052
0.075496
0.076778
0.076543
0.076463
0.076255
0.073957
0.075971
0.076014
0.076732
0.076980
0.074588
0.075252
0.075165
0.075836
0.075156
0.076074
0.075331
0.074447
0.076149
0.075123
0.075995
0.076400
0.075823
0.076865
0.076514
0.077088
0.077162
0.075141
0.073663
0.076151
0.076914
0.074927
0.075601
0.076320
0.074312
0.075741
0.075100
0.075881
0.075824
0.074305
0.075060
0.076075
0.076261
0.074602
0.074883
0.074699
0.075348
0.074999
0.074935
0.076455
0.076313
0.076017
0.075609
0.076113
0.076695
0.076003
0.075778
0.076325
0.075448
0.076702
0.075241
0.075616
0.075658
0.075925
0.076428
0.076530
0.082913
0.078175
0.074464
0.076451
0.078329
0.075018
0.077876
0.074844
0.076099
0.075978
