0.182131
0.182842
0.178362
0.179449
0.181461
0.182877
0.181260
0.178726
0.178703
0.180013
0.180709
0.179965
0.175684
0.178991
0.180192
0.182611
0.180099
0.181138
0.176051
0.177719
0.181884
0.182523
0.179587
0.181637
0.182882
0.183007
0.180564
0.186517
0.181864
0.183498
0.180575
0.181927
0.181816
0.182918
0.180776
0.181346
0.188745
0.181931
0.183149
0.185288
0.181369
0.182349
0.183031
0.183048
0.179915
0.188708
0.183664
0.183764
0.179666
0.182321
0.189032
0.182121
0.181354
0.186293
0.186789
0.186335
0.183746
0.184015
0.180189
0.182547
0.183577
0.183720
0.180586
0.183390
0.183594
0.183986
0.180758
0.184700
0.180682
0.181948
0.187012
0.184401
0.182067
0.184923
0.184214
0.183962
0.180746
0.182640
0.183692
0.201275
0.181699
0.183813
0.184905
0.181863
0.184509
0.184559
0.181354
0.183197
0.183893
0.184159
0.181058
0.182707
0.184402
0.184467
0.180894
0.183102
0.189538
0.182034
0.182105
0.189993
0.180658
0.182918
0.188408
0.186911
0.183067
0.188749
0.185652
0.184442
0.182266
0.183880
0.184769
0.181165
0.181341
0.184281
0.186517
0.182243
0.184322
0.183318
0.181499
0.182651
0.183717
0.183399
0.182680
0.188313
0.187389
0.182538
0.181138
0.182699
0.181312
0.180380
0.185135
0.182732
0.187363
0.181709
0.187321
0.183449
0.181415
0.181293
0.183486
0.183154
0.181503
0.187017
0.184024
0.179690
0.183057
0.183754
0.181892
0.181289
0.188469
0.182797
0.186536
0.182675
0.184575
0.182624
0.182820
0.182205
0.184348
0.180953
0.182643
0.189299
0.180892
0.180845
0.183438
0.182105
0.181827
0.181821
0.185527
0.182382
0.181430
0.182009
0.184755
0.180404
0.182232
0.184955
0.181036
0.182617
0.183530
0.184153
0.181432
0.182532
0.184327
0.183234
0.181188
0.183274
0.184091
0.183354
0.181648
0.182628
0.524672
0.185518
0.185538
0.185084
0.182777
0.180847
0.182766
0.182295
0.180635
0.187479
0.184816
0.183903
0.179412
0.182454
0.182894
0.180397
0.181048
0.183465
0.180460
0.182677
0.182411
0.182673
0.179351
0.181632
0.181992
0.189033
0.179549
0.182557
0.182805
0.180588
0.180840
0.184520
0.179592
0.182025
0.183019
0.183442
0.179506
0.181321
0.182832
0.182643
0.179469
0.181644
0.185200
0.184061
0.180095
0.184366
0.180229
0.180762
0.184106
0.181814
0.179451
0.181471
0.182853
0.183090
0.180047
0.208595
0.183801
0.182938
0.180098
0.187288
0.179944
0.180813
0.182486
0.183413
0.180190
0.181923
0.183103
0.182415
0.178998
0.182203
0.183323
0.188275
0.180087
0.182108
0.185646
0.181946
0.181740
0.184447
0.181325
0.182019
0.189652
0.183058
0.180803
0.181803
0.183654
0.182530
0.180412
0.181657
0.183403
0.186102
0.180938
0.183652
0.179938
0.181961
0.183110
0.183826
0.180699
0.182363
0.186936
0.183022
0.180239
0.182538
0.183683
0.182722
0.179877
0.184475
0.182177
0.186826
0.188878
0.182544
0.180994
0.181645
0.182700
0.183300
0.178930
0.181896
0.182849
0.182890
0.179929
0.181693
0.182645
0.180294
0.183667
0.183492
0.180845
0.182319
0.184294
0.184002
0.183933
0.181747
0.185827
0.182384
0.180321
0.181334
0.183836
0.180566
0.182426
0.183431
0.183668
0.182847
0.184243
0.182776
0.181712
0.181480
0.184142
0.182227
0.181028
0.181419
0.184464
0.180324
0.182016
0.183217
0.181318
0.181089
0.183557
0.182540
0.180644
0.187149
0.184652
0.183947
0.188515
0.181952
0.183803
0.183235
0.180423
0.183367
0.181933
0.180980
0.184807
0.189812
0.182891
0.182889
0.184428
0.183664
0.181362
0.182490
0.183515
0.183409
0.186239
0.183086
0.182662
0.181608
0.183151
0.184099
0.180029
0.182041
0.183010
0.183613
0.179800
0.181586
0.182862
0.183860
0.180588
0.182220
0.182953
0.180667
0.181607
0.184759
0.180811
0.184546
0.183759
0.184223
0.182299
0.183666
0.183263
0.189182
0.180771
0.181947
0.183643
0.180662
0.181505
0.183899
0.182114
0.181327
0.184590
0.183595
0.181044
0.182253
0.183780
0.195799
0.181091
0.181138
0.183687
0.182477
0.181473
0.182749
0.180830
0.180401
0.185098
0.182406
0.181156
0.181400
0.183988
0.182803
0.183380
0.182436
0.184521
0.183158
0.181969
0.181917
0.184333
0.181782
0.183438
0.183659
0.181070
0.180980
0.183692
0.188782
0.180930
0.181725
0.183558
0.182575
0.180131
0.181492
0.190776
0.180501
0.190042
0.184209
0.181488
0.182471
0.183542
0.182325
0.180592
0.181455
0.184691
0.183128
0.184642
0.182620
0.186947
0.180771
0.182796
0.185033
0.180940
0.181936
0.183942
0.182798
0.180859
0.182722
0.183601
0.184635
0.180882
0.182272
0.183171
0.183421
0.180628
0.182239
0.181666
0.181776
0.183525
0.184663
0.181431
0.208328
0.183993
0.182428
0.182358
0.181321
0.184553
0.182948
0.182920
0.183101
0.184616
0.179510
0.182713
0.190530
0.181753
0.182266
0.184025
0.182762
0.180245
0.181296
0.184472
0.183547
0.182577
0.182141
0.184551
0.179898
0.182117
0.184341
0.180868
0.181637
0.184785
0.182576
0.181369
0.182443
0.184255
0.183694
0.181338
0.183597
0.184814
0.183840
0.183603
0.185822
0.181606
0.181982
0.185641
0.185953
0.182337
0.182562
0.185131
0.182333
0.181175
0.181772
0.184359
0.183042
0.181812
0.182282
0.181387
0.181243
0.184857
0.183946
0.181210
0.182980
0.190427
0.182983
0.181534
0.182577
0.183961
0.182921
0.182403
0.181918
0.183989
0.180705
0.185055
0.184056
0.181373
0.181385
0.183733
0.182867
0.181429
0.182553
0.184478
0.184268
0.181792
0.182950
0.185082
0.182136
0.183898
0.184863
0.181590
0.182931
0.184611
0.183025
0.187868
0.194466
0.186575
0.182561
0.181697
0.182565
0.183857
0.183194
0.181574
0.195208
0.181585
0.180413
0.187742
0.183333
0.181574
0.181652
0.184104
0.183568
0.186790
0.188836
0.185874
0.184601
0.182517
0.183177
0.187032
0.182199
0.184814
0.191596
0.181331
0.181546
0.184325
0.183956
0.181322
0.182769
0.183733
0.184389
0.182201
0.182977
0.184694
0.180691
0.183576
0.185821
0.181920
0.182884
0.186443
0.184369
0.181082
0.182520
0.183733
0.184682
0.181102
0.182605
0.183757
0.181757
0.181242
0.189068
0.180291
0.182313
0.184865
0.183513
0.180253
0.183275
0.183634
0.183178
0.191527
0.182906
0.183534
0.183874
0.180799
0.188551
0.181288
0.180496
0.184438
0.189829
0.180744
0.182641
0.187450
0.184062
0.181473
0.183440
0.183351
0.184152
0.186643
0.183004
0.183322
0.180651
0.183818
0.183566
0.180952
0.182583
0.184271
0.183941
0.183344
0.181588
0.183470
0.182739
0.181462
0.182227
0.183937
0.181045
0.181959
0.184735
0.180901
0.180733
0.184347
0.182458
0.180671
0.181774
0.186393
0.188725
0.181243
0.182635
0.184499
0.180991
0.181511
0.185069
0.181283
0.187521
0.189171
0.183194
0.181165
0.182627
0.184686
0.183710
0.181313
0.181884
0.184352
0.183260
0.180368
0.181753
0.183900
0.181386
0.185438
0.183570
0.180833
0.182129
0.183723
0.184022
0.181504
0.182984
0.185932
0.184003
0.181738
0.182708
0.183335
0.181649
0.181921
0.185249
0.180461
0.182674
0.183416
0.183292
0.179961
0.182725
0.183113
0.183561
0.180675
0.182763
0.183433
0.181278
0.181663
0.185510
0.181044
0.183653
0.191690
0.199357
0.182004
0.189020
0.185028
0.184670
0.181566
0.183187
0.185824
0.184512
0.186580
0.185056
0.180694
0.182210
0.184115
0.183405
0.180317
0.182745
0.183649
0.183876
0.180941
0.182083
0.184506
0.183851
0.181688
0.182794
0.181180
0.181900
0.183282
0.184478
0.181884
0.182905
0.184219
0.184453
0.180070
0.182868
0.183974
0.184387
0.181586
0.183352
0.186638
0.182979
0.181721
0.190309
0.181454
0.183079
0.184586
0.183700
0.181123
0.181500
0.183518
0.189399
0.187129
0.182381
0.184289
0.181897
0.182523
0.185541
0.181720
0.183494
0.185037
0.191169
0.181984
0.183258
0.184281
0.183451
0.181627
0.184197
0.183984
0.183549
0.192636
0.183944
0.183223
0.181486
0.185652
0.184037
0.181137
0.181441
0.183961
0.189412
0.181432
0.183076
0.184290
0.183481
0.181125
0.183183
0.184399
0.181374
0.184082
0.184827
0.181282
0.182384
0.183786
0.184767
0.184115
0.546107
26.456669
0.184211
0.180542
0.183177
0.189963
0.181395
0.182004
0.183921
0.183318
0.183585
0.184253
0.184239
0.180831
0.181801
0.184671
0.183165
0.181649
0.189002
0.182977
0.181772
0.183283
0.184054
0.181401
0.181446
0.184025
0.183002
0.187063
0.181533
0.184498
0.182696
0.180511
0.181274
0.183237
0.182478
0.180907
0.181956
0.180512
0.178980
0.184569
0.182217
0.193881
0.182551
0.184309
0.181675
0.181343
0.180781
0.183745
0.182291
0.181153
0.182012
0.183638
0.179488
0.184336
0.189541
0.181053
0.180888
0.190584
0.182694
0.181025
0.180945
0.183547
0.183372
0.182063
0.180943
0.183204
0.191344
0.180967
0.183475
0.213083
0.180912
0.183820
0.183662
0.183030
0.182766
0.183931
0.183873
0.180925
0.181697
0.183464
0.181496
0.181407
0.185593
0.180998
0.181622
0.183157
0.183099
0.181157
0.182458
0.184357
0.184390
0.182538
0.182610
0.184222
0.184118
0.182958
0.182681
0.181789
0.181525
0.184867
0.183729
0.180216
0.181845
0.194903
0.183514
0.181707
0.182272
0.184090
0.182926
0.180271
0.181746
0.183678
0.187195
0.181753
0.183892
0.179174
0.181675
0.182732
0.183425
0.180254
0.182636
0.188297
0.182828
0.179422
0.182113
0.182857
0.179881
0.181654
0.186491
0.180886
0.187639
0.183209
0.182806
0.180401
0.181044
0.184198
0.182149
0.183816
0.182134
0.189400
0.180052
0.181062
0.182427
0.180074
0.181137
0.183253
0.182338
0.180899
0.186046
0.183535
0.182394
0.181718
0.187548
0.185338
0.183406
0.180818
0.181736
0.181254
0.180140
0.183289
0.183009
0.180828
0.180602
0.182979
0.182369
0.180950
0.181523
0.184011
0.182546
0.182814
0.183379
