0.675372
0.672846
0.675129
0.676176
0.675358
0.674835
0.675928
0.686219
0.672511
0.672586
0.673056
0.672873
0.672420
0.673582
0.674559
0.672609
0.672458
0.675629
0.673315
0.675575
0.683883
0.672813
0.673338
0.676372
0.673576
0.685372
0.675221
0.674992
0.675368
0.690266
0.691903
0.695135
0.701580
0.697681
0.894247
0.674494
0.675556
0.675111
0.683237
0.687882
0.695262
0.693908
0.701735
0.689940
0.673366
0.682442
0.673757
0.674089
0.673648
0.675638
0.685562
0.675787
0.675235
0.682598
0.672510
0.674578
0.686515
0.673351
0.685278
0.685029
0.672676
0.673382
0.672849
0.676428
0.686488
0.675156
0.673679
0.672367
0.686852
0.674968
0.675184
0.677081
0.682838
0.678753
0.674951
0.692934
0.694142
0.700377
0.697395
0.701785
0.690157
0.675988
0.674875
0.685807
0.686746
0.685670
0.675069
0.673195
0.674019
0.683423
0.682376
0.679779
0.672547
0.672520
0.672318
0.672586
0.679779
0.673250
0.673423
0.676799
0.674052
0.676040
0.673814
0.675296
0.685185
0.672947
0.684830
0.673520
0.673650
0.673072
0.673899
0.676053
0.699770
0.691890
0.699847
0.697106
0.702910
0.673545
0.683160
0.673534
0.675328
0.674764
0.673025
0.676038
0.675313
0.672762
0.675360
0.678150
0.675901
0.675827
0.685606
0.674915
0.682065
0.675856
0.683121
0.676052
0.676199
0.674652
0.675670
0.679335
0.673467
0.675201
0.686613
0.676822
0.674894
0.685397
0.672730
0.674361
0.682032
0.672450
0.704343
0.712466
0.696338
0.696488
0.705714
0.675050
0.676042
0.675250
0.676180
0.673536
0.680771
0.683275
0.676596
0.674178
0.675714
0.675196
0.682668
0.672599
0.681835
0.674757
0.685394
0.686524
0.679883
0.672649
0.673271
0.672600
0.675675
0.675944
0.676476
0.687422
0.673034
0.673338
0.676042
0.676428
0.692181
0.691513
0.693748
0.706480
0.697690
0.702904
0.673412
0.677302
0.673309
0.672572
0.679318
0.691826
0.701415
0.694885
0.701624
0.701961
0.688647
0.673486
0.682842
0.677741
0.673555
0.674767
0.678327
0.675853
0.673282
0.672186
0.672445
0.675644
0.679101
0.673161
0.674276
0.674676
0.672998
0.673608
0.673141
0.675195
0.673399
0.677172
0.674942
0.685589
0.675326
0.674752
0.673687
0.675649
0.674945
0.682202
0.677718
0.673528
0.673555
0.693445
0.692212
0.700823
0.699933
0.696490
0.683032
0.673506
0.673034
0.676854
0.682380
0.678432
0.673557
0.675878
0.674773
0.685557
0.683928
0.686360
0.680023
0.675706
0.678362
0.679789
0.674855
0.680379
0.683013
0.683218
0.676237
0.675141
0.677234
0.672530
0.682239
0.677182
0.672537
0.673892
0.675146
0.674916
0.675226
0.685682
0.693087
0.697343
0.697787
0.698495
0.699857
0.714611
0.673038
0.674816
0.676039
0.676243
0.672510
0.674758
0.673227
0.675336
0.672391
0.674624
0.680506
0.683187
0.672727
0.675965
0.675226
0.672291
0.673970
0.674861
0.674706
0.686622
0.686010
0.674901
0.672657
0.677587
0.675794
0.677978
0.673183
0.683412
0.672819
0.689926
0.691548
0.698977
0.698692
0.698115
0.702735
0.673545
0.672882
0.674769
0.672273
0.685827
0.685678
0.674042
0.674398
0.675276
0.676315
0.672125
0.672767
0.674546
0.683613
0.674777
0.673344
0.683233
0.683217
0.672778
0.672331
0.674706
0.675583
0.674526
0.672500
0.672175
0.675243
0.686049
0.672453
0.672672
0.675319
0.675659
0.673484
0.675646
0.688053
0.691412
0.698150
0.698336
0.699451
0.702422
0.675004
0.685760
0.676537
0.675592
0.672600
0.685219
0.673910
0.685721
0.679588
0.673574
0.675955
0.686286
0.673190
0.675683
0.675400
0.682228
0.672283
0.685474
0.687021
0.675533
0.672290
0.673323
0.691510
0.692655
0.693887
0.694543
0.699915
0.695074
0.686350
0.672904
0.673179
0.677418
0.678481
0.674230
0.672920
0.673372
0.679288
0.676561
0.676164
0.673295
0.672755
0.686412
0.675203
0.678264
0.672997
0.674916
0.675538
0.675471
0.675531
0.673597
0.680205
0.678137
0.673878
0.672877
0.671653
0.673167
0.674096
0.675650
0.671369
0.672439
0.672917
0.671205
0.675962
0.681900
0.670747
0.671359
0.671080
0.671768
0.681632
0.671508
0.671834
0.671667
0.675092
0.673285
0.678327
0.684937
0.671887
0.672247
0.684917
0.690607
0.692121
0.694474
0.696985
0.698782
0.701225
0.671605
0.676490
0.681396
0.675366
0.676262
0.685007
0.671615
0.670906
0.680884
0.674031
0.671924
0.673346
0.679236
0.671902
0.671639
0.671912
0.681438
0.671426
0.678618
0.684145
0.680623
0.670929
0.671731
0.673622
0.670969
0.685245
0.681790
0.673211
0.672996
0.675555
0.672210
0.671622
0.677609
0.680844
0.692127
0.685830
0.690481
0.692102
0.673353
0.672677
0.672758
0.675326
0.671594
0.672569
0.673822
0.671889
0.675079
0.677258
0.694289
0.673428
0.670158
0.670755
0.670655
0.676076
0.683477
0.677360
0.671180
0.671831
0.671810
0.671784
0.671376
0.671970
0.673999
0.673164
0.681515
0.675287
0.673617
0.671151
0.670720
0.675370
0.681312
0.679161
0.688889
0.693130
0.702162
0.697536
0.700644
0.672923
0.680286
0.676866
0.686037
0.685508
0.672943
0.677448
0.683416
0.675162
0.676892
0.674825
0.683281
0.675066
0.675775
0.681924
0.673926
0.672758
0.677515
0.673235
0.685529
0.676900
0.673935
0.676192
0.673209
0.673612
0.686131
0.675887
0.672962
0.676826
0.675103
0.675087
0.674851
0.683657
0.683199
0.679208
0.685378
0.673328
0.687015
0.672542
0.679707
0.673157
0.676321
0.677527
0.672364
0.695818
0.688425
0.693809
0.694266
0.697818
0.700465
0.689061
0.673779
0.688127
0.674102
0.672384
0.678094
0.673463
0.673759
0.672500
0.683559
0.673374
0.672548
0.675607
0.672181
0.682957
0.674649
0.676685
0.673120
0.672323
0.675639
0.685724
0.675005
0.685727
0.672869
0.674048
0.674143
0.672320
0.673246
0.672668
0.675319
0.674429
0.679318
0.683935
0.692152
0.681619
0.701080
0.701127
0.706291
0.703130
0.682876
0.686563
0.691036
0.697802
0.700416
0.702898
0.676064
0.684562
0.671237
0.681696
0.671465
0.674405
0.678502
0.677233
0.683791
0.681028
0.673799
0.685037
0.675553
0.675227
0.672244
0.670869
0.671156
0.673123
0.671365
0.676428
0.673604
0.671858
0.681653
0.674028
0.670680
0.673950
0.673217
0.674203
0.672927
0.671294
0.673195
0.691388
0.688864
0.694393
0.692857
0.694728
0.675261
0.673682
0.672674
0.672409
0.673743
0.674369
0.672612
0.672164
0.673262
0.672457
0.687775
0.675852
0.674229
0.675829
0.672238
0.677666
0.676145
0.673888
0.673272
0.673297
0.680380
0.686013
0.672881
0.674014
0.672601
0.673221
0.676813
0.673685
0.675078
0.677155
0.672183
0.672906
0.674882
0.675147
0.694767
0.693103
0.700839
0.693898
0.698939
0.692402
0.675485
0.674947
0.674975
0.682646
0.672350
0.677402
0.673357
0.672813
0.672549
0.673371
0.673385
0.677809
0.672266
0.673719
0.672970
0.673964
0.683090
0.677247
0.675500
0.675867
0.675085
0.682444
0.672267
0.673753
0.673601
0.674948
0.672081
0.672805
0.679405
0.673084
0.682599
0.699563
0.676059
0.675819
0.672788
0.674772
0.675457
0.686648
0.674570
0.686008
0.672912
0.675706
0.678213
0.673560
0.672473
0.672559
0.672604
0.674234
0.673292
0.686138
0.673443
0.674923
0.676005
0.672664
0.674729
0.680006
0.683060
0.676340
0.676172
0.673404
0.699707
0.687790
0.690272
0.694523
0.692418
0.673260
0.675139
0.675247
0.674697
0.678491
0.674908
0.675205
0.673531
0.676402
0.682195
0.680373
0.679180
0.682932
0.674061
0.672534
0.675833
0.673970
0.673758
0.676097
0.674636
0.686891
0.673742
0.682437
0.672324
0.673031
0.677287
0.672369
0.672293
0.672467
0.674930
0.675964
0.672444
0.678804
0.673018
0.673328
0.673802
0.685449
0.673695
0.675764
0.673044
0.673862
0.672793
0.673271
0.685647
0.674849
0.686070
0.673175
0.678564
0.672241
0.677407
0.686519
0.676509
0.673816
0.675706
0.687564
0.693168
0.699467
0.697769
0.700852
0.701428
0.675230
0.673893
0.672925
0.673715
0.672651
0.672926
0.675243
0.682272
0.682570
0.673588
0.683351
0.673074
0.683320
0.677742
0.672246
0.675200
0.672351
0.675757
0.673624
0.672215
0.675729
0.676138
0.673219
0.685472
0.673200
0.675583
0.675649
0.672594
0.675341
0.675716
0.675835
0.674736
0.675954
0.673099
0.688269
0.690192
0.691045
0.696459
0.696060
0.703428
0.675843
0.673134
0.675108
0.674963
0.672475
0.676584
0.673696
0.672602
0.675655
0.686162
0.686878
0.683028
0.675557
0.673152
0.676008
0.675827
0.686773
0.673434
0.673656
0.672667
0.672620
0.673562
0.672652
0.673654
0.682993
0.672401
0.674818
0.672532
0.672923
0.677076
0.673031
0.674414
0.695468
0.692338
0.694101
0.720180
0.702737
0.696023
0.672723
0.679901
0.675138
0.676382
0.677011
0.675401
0.675070
0.675361
0.673752
0.682330
0.682938
0.675317
0.686092
0.675133
0.673073
0.673934
0.672563
0.673212
0.675438
0.686552
0.685647
0.675921
0.672585
0.674843
0.674892
0.687429
0.693968
0.695261
0.701278
0.692898
0.674919
0.675196
0.675261
0.675003
0.675591
0.685932
0.676031
0.686319
0.672857
0.672673
0.678260
0.672515
0.675333
0.686328
0.678602
0.683276
0.675560
0.685444
0.679952
0.673329
0.685824
0.684982
0.685254
0.674990
0.678989
0.685180
0.682618
0.673758
0.672755
0.687009
0.695987
0.690840
0.691623
0.695740
0.689961
0.701547
0.695735
0.675724
0.682451
0.672719
0.674028
0.673283
0.674117
0.673471
0.674397
0.675314
0.686706
0.676298
0.676033
0.677031
0.678287
0.674851
0.675803
0.673054
0.675057
0.676868
0.686911
0.675189
0.679429
0.672898
0.673047
0.672703
0.676273
0.678168
0.686470
0.676070
0.685545
0.673166
0.686886
0.690474
0.692917
0.693039
0.689026
0.700015
0.698608
0.672927
0.676420
0.686306
0.672618
0.673462
0.672913
0.676029
0.677284
0.676436
