66.103200
66.106542
66.322311
66.036029
66.194463
66.114924
66.303116
66.153882
66.167641
65.925261
66.122144
66.150449
66.173101
66.303363
66.050195
66.085738
66.190783
66.107497
66.294138
66.064347
66.437189
66.263387
66.079770
66.139986
66.200617
66.062609
66.043046
66.102571
66.081962
66.139705
66.088844
66.162365
66.004001
66.124949
66.327670
65.942697
66.072831
66.306121
66.112549
66.116668
66.053675
66.260843
66.096470
66.190635
66.208172
66.273625
66.009178
66.165926
66.537650
66.080133
66.113936
66.078857
66.261089
66.168024
66.122877
66.225769
66.084827
66.146039
66.137947
66.045538
66.112524
66.517619
66.037048
66.044407
66.297963
66.264044
66.062582
66.155818
66.331885
66.139078
66.057985
66.097509
66.200694
66.079413
66.113397
66.646742
65.971894
66.032230
66.114583
66.044082
66.152298
66.187440
66.326263
66.093884
66.127306
66.245096
66.246332
66.197541
66.115166
66.561776
66.083052
66.161056
66.246913
66.189452
66.106992
66.155149
66.084109
66.221668
65.902965
66.099728
66.197449
66.088281
66.356546
66.371916
66.019041
65.960211
66.065805
66.147362
66.082940
66.086193
66.164306
66.155571
66.155234
66.099520
66.239217
66.161983
66.387652
66.080582
66.175018
66.169346
66.225128
66.109803
66.249816
66.237111
66.279293
66.039648
66.172879
66.008516
66.418808
66.207843
66.429045
66.055323
66.124241
66.087744
65.960387
66.148419
66.020725
66.147375
66.220637
66.235878
66.112744
66.137714
66.107834
66.045570
66.346561
66.283264
66.273279
66.005259
66.089662
66.212538
66.166984
66.075836
66.145052
65.983579
66.090241
66.194401
66.228635
66.642985
66.158874
66.194867
65.955997
65.973717
66.037902
66.007882
65.909403
66.093686
66.290907
66.016754
66.102651
66.041569
66.151554
66.369685
66.142924
66.230300
66.207676
65.987764
66.172671
66.142815
66.072688
66.114847
66.114680
66.077097
66.137858
66.177675
66.248413
66.295974
66.030945
66.169038
66.087792
66.111318
66.222316
66.127601
66.062633
66.057388
66.084916
66.164784
66.097914
66.300435
66.224903
66.120044
66.138192
66.275989
66.050641
66.186583
66.278068
66.152987
66.121167
66.157599
66.239760
66.126140
66.025258
66.378540
66.299228
66.160492
66.054469
66.238384
66.227018
66.100230
66.247255
66.123076
65.999971
66.104098
66.068280
66.025509
66.071214
66.167138
66.328907
66.234295
66.270970
66.121872
66.176144
66.317335
66.081497
66.236576
66.198555
66.265171
66.301039
66.342777
66.381249
65.964384
66.215308
66.106002
66.019671
66.281939
66.016205
66.074755
66.146196
66.190435
66.105361
66.382750
66.147313
66.288029
66.188401
66.394767
66.245081
66.223083
66.106078
66.176015
66.237708
66.047418
66.053325
66.230080
66.190624
66.155176
66.236272
66.335930
66.173293
66.428707
65.980929
66.112477
66.122136
66.175529
66.206956
66.044258
66.033493
66.029643
66.093044
66.104150
66.177545
66.182234
66.073246
66.504956
66.197182
66.191416
66.123457
66.178619
66.230595
66.129408
66.177039
66.041665
66.025929
66.307192
66.291607
65.966956
66.342618
66.185584
66.120836
66.181070
66.198612
66.198377
66.089791
66.228856
66.002379
66.057580
66.182752
66.206043
66.206934
66.084022
66.288039
66.032335
66.270885
66.028806
66.184929
66.344065
66.140068
66.081070
66.038360
66.042104
66.074424
66.345385
66.080877
66.188414
66.428590
66.192990
66.044521
65.977768
66.070081
66.077664
66.004616
66.082243
66.105016
66.142980
66.057177
66.186622
66.233700
66.209445
66.307994
66.076354
66.141586
66.089842
65.953145
66.264232
66.260935
66.111178
66.081595
66.323443
66.269950
66.106006
66.094157
66.360606
66.181152
66.109905
66.111043
66.207847
66.059016
66.072464
65.802811
65.863962
66.104637
66.175951
66.106113
65.992329
65.963852
66.404948
66.266550
65.786608
66.000612
65.903297
66.119844
66.015970
66.079505
65.915505
66.153164
66.009125
66.350974
65.849233
66.053495
66.285334
66.093808
65.940882
65.999419
65.946470
66.014529
66.076327
65.995267
65.954315
65.826416
65.998837
66.125290
66.059793
66.076037
66.151104
65.952310
66.066093
65.899304
66.017012
66.129050
66.061805
66.020992
66.258274
66.042537
66.116255
66.267054
65.997474
66.450061
66.039397
66.196695
66.272671
66.044919
66.137161
66.196549
66.371619
66.217627
66.060746
66.166334
65.964113
66.253535
66.162492
66.443484
65.998544
66.087381
66.284423
66.053759
66.104760
66.322678
66.254992
66.190028
66.046104
66.304884
66.155280
66.157526
66.082201
66.338733
66.119108
66.042919
66.200166
66.110047
66.056791
66.134837
66.205863
66.106625
66.187151
66.137483
66.206683
66.152400
66.233371
66.089108
66.079043
66.140813
66.067948
66.176446
66.146611
66.124714
66.125483
66.120781
66.462105
65.992430
66.100297
66.201668
66.423593
66.199764
66.028729
66.099315
66.126871
66.036436
66.069994
66.121345
66.180377
66.122559
66.147586
66.200479
66.003353
66.043702
66.480517
66.088849
66.003394
66.017454
66.183077
65.924924
66.158333
66.008967
66.090631
66.187168
66.166962
66.171211
66.155625
66.105333
66.244955
65.988242
66.052918
66.262489
66.059605
66.082235
66.098432
66.183806
66.162800
66.281221
66.116198
66.117325
66.328260
66.342655
66.158730
65.991063
66.328310
66.122324
66.235704
66.232847
66.057819
66.230347
66.251381
66.317917
66.072974
66.094299
66.098613
66.477143
66.178544
66.081804
66.065300
66.094816
66.238831
66.015870
66.192420
66.348693
66.145338
66.152328
66.163089
66.063679
66.164900
66.263512
66.236945
66.226739
66.046983
65.968306
66.033272
66.018701
66.211441
66.120037
66.290552
66.196804
66.138170
66.211626
66.527646
65.972819
66.105654
66.074392
66.028060
66.073835
66.152343
66.071314
66.101951
66.217172
66.042909
66.079306
66.210518
66.136934
66.354875
66.011544
66.247706
66.028080
66.178379
65.999080
66.091241
66.155146
66.138730
66.021141
66.263296
66.120121
66.020024
66.189158
66.301931
66.115731
66.085933
66.112961
66.206125
66.047085
66.095673
66.136866
66.233985
66.087428
66.174016
66.130242
66.102443
65.994106
66.464384
66.174467
66.091768
66.112191
66.200693
66.262476
66.191770
66.200316
66.142959
66.100152
66.299012
66.076867
66.100912
66.434686
66.063727
66.322252
66.086642
66.014955
66.188432
66.101575
66.140832
66.266367
65.991222
65.951065
66.135043
66.276718
66.133139
66.572387
66.172947
66.151647
66.234420
66.116294
66.104125
66.152317
66.157822
66.285736
66.083660
66.101043
66.186325
66.137461
66.172430
66.434100
66.157759
66.020097
66.083636
66.148803
66.173364
66.270216
66.423748
66.016862
65.947046
66.362630
66.224302
66.227552
66.159851
66.313128
66.124367
66.208830
66.069097
66.188121
66.143048
66.205961
66.213133
66.124517
66.268153
66.047001
66.268367
65.990495
66.342741
66.236227
66.183975
66.135118
66.049017
66.369598
66.174067
66.180292
66.109824
66.062822
66.093399
66.190820
66.200177
66.084250
66.413226
66.145022
66.285674
66.202025
66.137297
66.169210
66.086251
66.122335
66.161124
66.165115
66.131834
66.227084
66.092431
66.122154
66.477415
66.121993
66.072436
66.013798
66.185474
66.176669
66.213978
66.168054
66.056376
66.106024
66.425957
66.292193
66.157325
66.547669
66.125795
66.162773
66.138257
66.279936
66.247881
66.011465
66.206139
66.201289
66.069057
66.138387
66.060018
66.124850
66.148484
66.403337
66.248947
66.100209
66.105613
66.105174
66.212435
66.213801
66.143423
66.095932
66.049109
66.233369
66.176131
66.022407
66.115509
66.506200
66.178175
66.062073
66.184595
66.106592
66.290667
66.201985
66.055595
66.069733
66.037790
65.973371
66.030090
66.053422
66.212671
66.168523
66.164584
66.070343
66.070644
66.177991
66.027125
65.917033
66.252578
66.052233
66.166489
66.327312
66.055921
66.153798
66.501046
66.126039
66.272826
66.030524
66.166013
65.867844
66.210473
66.222726
66.194246
66.189296
66.127560
66.143658
66.012237
66.134734
66.460061
66.279163
66.147088
66.274019
66.051633
66.167172
66.218631
66.184225
65.979197
66.236156
66.093035
66.253231
66.135202
66.093282
66.505506
65.976014
66.172367
66.097008
66.262784
66.321705
66.050701
66.116970
66.151937
66.133195
66.255921
66.050542
66.070241
66.324806
66.010784
66.053491
66.113871
66.074139
66.196440
66.114789
66.112801
66.109113
66.126117
66.206343
66.046889
66.209818
66.142401
66.555420
66.271367
66.222441
66.208916
65.924060
66.241528
66.037703
66.135369
66.113763
66.066361
66.119131
66.031996
66.070226
66.049669
66.228850
66.046953
66.087692
66.163913
66.174412
66.190874
66.110157
66.201907
66.151823
66.111611
66.155555
66.026187
66.114175
66.136932
66.063756
66.134265
66.152354
66.193446
66.233759
66.229654
66.110301
66.180041
66.054364
65.983249
66.131946
66.252137
65.930695
66.341932
66.179840
66.211033
66.181843
66.156803
65.976050
66.189448
66.089913
66.012832
66.213500
66.246888
66.017051
66.203850
66.154413
66.446169
66.234339
66.368780
66.276412
66.126249
66.150496
66.203244
66.148095
66.112849
66.103757
66.232454
66.040818
65.996350
66.033872
66.338903
66.037202
66.058760
66.059307
66.194000
66.124912
66.185592
66.260178
66.276556
66.174614
66.331865
65.870349
66.352446
66.377567
66.089573
66.127039
66.233514
66.022716
66.008340
66.102893
66.144088
66.171254
66.129241
66.087339
66.060920
66.193153
66.188139
66.332617
66.043816
66.100905
66.177422
66.070326
66.053792
66.153029
66.066041
66.126237
66.289730
66.151325
66.103788
66.162108
66.193090
66.470262
66.007539
66.048434
66.276765
66.275299
66.074516
66.045115
66.076468
66.081198
66.019964
66.063454
66.007456
66.199136
66.096461
66.157344
66.057466
66.083201
66.168831
66.045074
66.042515
66.115931
66.032937
66.203404
66.200550
65.888340
66.087921
66.178900
66.309259
66.217003
66.082986
66.181932
66.374093
66.068476
66.193600
66.221116
66.176879
66.275518
66.137051
66.088147
66.087387
66.102865
66.525504
66.037995
66.179514
66.349816
66.237181
66.031108
66.214590
66.046024
66.098690
66.296202
66.044653
66.184411
66.071877
66.226173
66.453022
66.133457
66.283579
66.383116
66.228859
66.335132
66.167782
66.120987
66.053281
65.944447
65.946802
66.141166
66.126614
66.424210
66.148598
65.983878
66.137327
66.178963
66.258729
66.099099
66.163107
66.133510
66.165895
65.989392
66.219944
66.167323
66.215903
66.436795
66.033905
66.221922
66.337168
65.977665
66.336681
