6.541990
6.626317
6.648020
6.595994
6.667016
6.611380
6.641828
6.593835
6.634683
6.617400
6.635765
6.585417
6.651787
6.585035
6.659954
6.581905
6.632487
6.567969
6.628982
6.569806
6.629318
6.565320
6.599088
6.560421
6.604212
6.567342
6.627281
6.626645
6.608560
6.552340
6.637222
6.560523
6.622337
6.649909
6.638068
6.653262
6.629251
6.647595
6.605537
6.669818
6.540762
6.636863
6.598316
6.649665
6.590013
6.624724
6.585005
6.570667
6.588845
6.601270
6.578205
6.632985
6.561148
6.619869
6.610643
6.633408
6.613188
6.596730
6.574398
6.647457
6.548439
6.591991
6.621371
6.631783
6.588720
6.586444
6.638190
6.544483
6.644783
6.589351
6.660574
6.628647
6.615935
6.595374
6.638277
6.591491
6.623179
6.585831
6.584353
6.571381
6.580404
6.639012
6.618610
6.631270
6.614521
6.563153
6.625723
6.568958
6.597141
6.639903
6.617768
6.638434
6.603343
6.649460
6.623457
6.619975
6.641936
6.879246
6.601526
6.664307
6.609937
6.628556
6.630008
6.651682
6.598221
6.639062
6.615161
6.608702
6.592069
6.661731
6.594844
6.668535
6.592196
6.627211
6.562483
6.657023
6.586650
6.619721
6.580067
6.605787
6.645001
6.618557
6.565285
6.657378
6.588567
6.614047
6.570160
6.608815
6.654117
6.651272
6.674213
6.614389
6.671325
6.619889
6.676842
6.603606
6.661220
6.586541
6.646989
6.609153
6.614589
6.598641
6.624275
6.644063
6.617451
6.604158
6.638640
6.611643
6.639813
6.604007
6.648423
6.581489
6.649421
6.599083
6.641521
6.585748
6.617799
6.594315
6.635977
6.631085
6.594307
6.564935
6.617621
6.563545
6.631439
6.581382
6.628324
6.652278
6.610981
6.670773
6.606483
6.578291
6.655427
6.652114
6.617956
6.712124
6.565146
6.656871
6.620002
6.637126
6.615107
6.656392
6.626659
6.652962
6.658078
6.664127
6.628426
6.657071
6.604618
6.655660
6.594515
6.648521
6.600039
6.641106
6.602882
6.641140
6.577705
6.637112
6.552430
6.633141
6.582360
6.622646
6.576471
6.656333
6.587470
6.635647
6.627789
6.649757
6.554489
6.650724
6.639246
6.628948
6.658409
6.654475
6.660536
6.646201
6.672251
6.619685
6.667787
6.631818
6.659795
6.614139
6.665177
6.594738
6.654334
6.599908
6.639604
6.577477
6.658710
6.593186
6.633494
6.603816
6.643353
6.601820
6.637981
6.566626
6.648176
6.583926
6.608538
6.604092
6.640626
6.586212
6.581418
6.596384
6.599895
6.592642
6.632169
6.575092
6.612448
6.558959
6.608887
6.568892
6.616346
6.564633
6.633323
6.638958
6.585624
6.660351
6.574935
6.619970
6.606377
6.629630
6.659875
6.611510
6.665243
6.614123
6.619216
6.659392
6.662766
6.622113
6.664339
6.617654
6.618604
6.613304
6.651038
6.594513
6.655746
6.648670
6.652738
6.641791
6.629488
6.594301
6.639950
6.581102
6.655001
6.544689
6.636532
6.638961
6.639268
6.640292
6.636818
6.584770
6.627783
6.576339
6.646425
6.582864
6.615165
6.563558
6.622158
6.669009
6.627475
6.672475
6.606347
6.658361
6.623439
6.659445
6.572710
6.665973
6.607909
6.657409
6.572221
6.645943
6.609920
6.641047
6.618174
6.655338
6.574450
6.701877
6.592539
6.651212
6.593440
6.664211
6.597152
6.660059
6.600770
6.602036
6.596540
6.641455
6.594903
6.584379
6.635651
6.571564
6.634315
6.572892
6.643800
6.587360
6.651990
6.660622
6.626037
6.672564
6.619886
6.626024
6.656415
6.650077
6.606932
6.645333
6.570911
6.635268
6.603493
6.638807
6.587245
6.654717
6.610095
6.642174
6.596160
6.636553
6.568413
6.649301
6.612337
6.635751
6.584679
6.656480
6.639656
6.603772
6.626936
6.622821
6.578674
6.635231
6.579110
6.625229
6.573378
6.632004
6.649274
6.615251
6.671109
6.613930
6.636628
6.603973
6.606813
6.662508
6.659114
6.603767
6.643035
6.603456
6.634821
6.634990
6.912068
6.651417
6.645994
6.595418
6.642074
6.627778
6.641989
6.642567
6.611714
6.608107
6.656645
6.589737
6.652197
6.600122
6.661362
6.579163
6.635195
6.562811
6.615005
6.567490
6.650912
6.584000
6.617488
6.663458
6.662664
6.652176
6.620158
6.643436
6.577190
6.666608
6.612344
6.650820
6.589322
6.599345
6.604707
6.605945
6.621700
6.634923
6.585260
6.625343
6.583422
6.623779
6.589361
6.649970
6.596323
6.615127
6.556322
6.612550
6.574574
6.646139
6.576722
6.577680
6.578970
6.615191
6.669737
6.611317
6.655605
6.604586
6.656997
6.601839
6.656705
6.614034
6.616626
6.637937
6.654845
6.602842
6.626326
6.600611
6.666460
6.594574
6.670580
6.641101
6.605620
6.605206
6.641106
6.603446
6.642005
6.622749
6.623800
6.597314
6.644602
6.650973
6.626940
6.584549
6.636847
6.590721
6.637718
6.597093
6.653914
6.585645
6.619124
6.570891
6.649232
6.577575
6.627142
6.645345
6.613020
6.674689
6.649683
6.653057
6.612246
6.657743
6.614386
6.643025
6.590763
6.660149
6.617799
6.643250
6.597776
6.654577
6.613529
6.600753
6.600241
6.634238
6.563665
6.596745
6.594240
6.629273
6.593450
6.631970
6.573997
6.600958
6.617969
6.645031
6.584727
6.606807
6.649388
6.575678
6.570749
6.621904
6.660199
6.624656
6.593684
6.607016
6.642918
6.592600
6.665771
6.642776
6.647100
6.606316
6.636284
6.594312
6.657447
6.631829
6.653650
6.611728
6.649500
6.655410
6.634080
6.600519
6.660526
6.608586
6.649322
6.597399
6.665454
6.661598
6.664083
6.608690
6.648997
6.596924
6.609852
6.641887
6.612346
6.586545
6.559724
6.650110
6.632385
6.613163
6.578160
6.626902
6.666290
6.621062
6.663464
6.662557
6.615706
6.611265
6.652417
6.612182
6.659853
6.563668
6.625069
6.614684
6.660263
6.602181
6.596229
6.597462
6.646054
6.554645
6.629101
6.601234
6.621472
6.574727
6.659914
6.591005
6.620935
6.573700
6.621772
6.566418
6.606269
6.618614
6.611584
6.566194
6.630761
6.649183
6.579800
6.651398
6.615648
6.643750
6.596700
6.663193
6.639793
6.660850
6.589137
6.656814
6.603948
6.656269
6.619213
6.881615
6.595962
6.658602
6.609741
6.629451
6.598386
6.648873
6.588270
6.656352
6.581365
6.650610
6.575072
6.650846
6.651274
6.637139
6.580498
6.655050
6.594266
6.661188
6.602501
6.646893
6.612730
6.638681
6.568761
6.632984
6.566858
6.622840
6.561843
6.623662
6.574826
6.623151
6.640625
6.642218
6.642033
6.626821
6.629252
6.615813
6.650856
6.619346
6.629212
6.614551
6.648727
6.639386
6.659384
6.629331
6.651407
6.588155
6.645215
6.597522
6.654754
6.589986
6.643033
6.651433
6.642396
6.615447
6.595228
6.630593
6.648284
6.580295
6.643557
6.587294
6.640435
6.557515
6.654733
6.551192
6.635699
6.577496
6.660618
6.581132
6.634468
6.531014
6.614821
6.903433
6.617159
6.659555
6.648821
6.651508
6.609334
6.648105
6.619802
6.602356
6.613504
6.669360
6.615079
6.646413
6.606976
6.656634
6.607637
6.654863
6.577698
6.640750
6.572805
6.654327
6.637287
6.634529
6.597120
6.629115
6.577711
6.626257
6.627727
6.645669
6.580968
6.620499
6.568841
6.627850
6.570174
6.621200
6.614917
6.592309
6.572187
6.613985
6.664707
6.612599
6.653651
6.596039
6.650611
6.604850
6.668084
6.616943
6.643460
6.557936
6.655958
6.646891
6.650661
6.598286
6.639853
6.596332
6.645159
6.599228
6.646200
6.644139
6.623388
6.575690
6.673625
6.579349
6.635021
6.619950
6.656506
6.571611
6.606546
6.591520
6.622956
6.556372
6.633596
6.557773
6.626743
6.560683
6.582673
6.669184
6.644258
6.666948
6.631423
6.591017
6.636616
6.647826
6.617982
6.623515
6.632208
6.611791
6.589674
6.635279
6.597657
6.647589
6.579919
6.639115
6.581762
6.635904
6.574959
6.646793
6.636367
6.625720
6.630936
6.642796
6.562100
6.628259
6.570085
6.632751
6.560603
6.590144
6.570945
6.584877
6.649100
6.625756
6.657494
6.619558
6.659219
6.613835
6.664231
6.600804
6.651897
6.642354
6.617353
6.597277
6.652266
6.641430
6.649742
6.588404
6.642421
6.606557
6.663410
6.574995
6.651125
6.601684
6.655642
6.575748
6.759628
6.627082
6.627399
6.598408
6.645278
6.556889
6.637531
6.649957
6.641500
6.574543
6.619799
6.561482
6.628546
6.590064
6.639779
6.568249
6.590301
6.570874
6.623460
6.552080
6.601711
6.679885
6.576290
6.670692
6.613958
6.661898
6.624163
6.612992
6.613414
6.648253
6.596713
6.658775
6.624019
6.648289
6.590082
6.651369
6.572101
6.654645
6.570481
6.653342
6.596646
6.648430
6.575885
6.634064
6.570290
6.623345
6.584272
6.621199
6.572414
6.650331
6.584225
6.636444
6.568786
6.615451
6.669564
6.618825
6.632866
6.618918
6.646725
6.600788
6.655445
6.608311
6.667827
6.618548
6.621217
6.616150
6.637586
6.585476
6.621208
6.637762
6.640544
6.626140
6.657611
6.593459
6.641341
6.597950
6.690837
6.584229
6.613228
6.650801
6.629184
6.598717
6.637520
6.634002
6.856762
6.586816
6.667010
6.551459
6.602830
6.569040
6.629263
6.582901
6.634572
6.551026
6.625290
6.645944
6.645869
6.655997
6.608663
6.628787
6.573610
6.653012
6.609697
6.605173
6.613704
6.648418
6.579579
6.612461
6.581824
6.636092
6.565864
6.620203
6.574567
6.628249
6.620698
6.626849
6.662029
6.616915
6.645792
6.567636
6.635490
6.607516
6.637900
6.630430
6.608490
6.654426
6.669848
6.574490
6.655992
6.582788
6.650522
6.593905
6.599136
6.627758
6.630708
6.600536
6.649068
6.643859
6.619389
6.595691
6.654084
6.577757
6.627287
6.611212
6.621310
6.604078
6.611841
6.618648
6.626292
6.591294
6.630342
6.610192
6.622961
6.621866
6.619832
6.655260
6.880191
6.648725
6.643704
6.558496
6.585041
6.633845
6.562290
6.559038
6.583068
6.659025
6.613050
6.654570
6.626769
6.639085
6.637139
6.668032
6.610674
6.642548
6.617830
6.662649
6.599075
6.648870
6.594192
6.635678
6.617009
6.603484
6.572972
6.638100
6.644603
6.626211
6.655356
6.635104
6.654809
6.624913
6.608214
6.600914
