0.058742
0.058274
0.055885
0.055979
0.057975
0.058913
0.057660
0.053215
0.054545
0.055875
0.057681
0.055787
0.053520
0.054695
0.058329
0.059537
0.057838
0.057947
0.053025
0.053570
0.059355
0.059151
0.058165
0.057793
0.063742
0.059435
0.057862
0.057434
0.059120
0.059211
0.058102
0.058523
0.059423
0.058809
0.057745
0.058706
0.058627
0.058106
0.061187
0.059340
0.057498
0.059147
0.060809
0.059812
0.057740
0.058746
0.060854
0.060300
0.057875
0.058552
0.060097
0.057668
0.058713
0.061075
0.057846
0.059103
0.060060
0.063275
0.059313
0.063659
0.060287
0.060313
0.057874
0.058907
0.060715
0.058022
0.057888
0.060646
0.058316
0.058698
0.060402
0.059857
0.057181
0.058502
0.060250
0.060891
0.057657
0.058676
0.061425
0.059250
0.057485
0.060963
0.057623
0.058210
0.061139
0.059875
0.057783
0.058930
0.060721
0.060132
0.057978
0.058815
0.060227
0.059908
0.057815
0.059109
0.058228
0.058033
0.060612
0.060698
0.057962
0.059377
0.060300
0.059677
0.057937
0.058523
0.060373
0.060301
0.058058
0.064124
0.060388
0.057533
0.057961
0.060671
0.058199
0.058875
0.060473
0.059998
0.057726
0.058952
0.060530
0.060123
0.057640
0.058579
0.060491
0.057541
0.058210
0.060707
0.057401
0.058951
0.060708
0.059775
0.058054
0.058735
0.060328
0.060374
0.058096
0.059210
0.060251
0.059531
0.058304
0.060953
0.057926
0.057654
0.061470
0.059841
0.057734
0.058636
0.060334
0.060376
0.057628
0.058365
0.060452
0.060115
0.057564
0.059176
0.060086
0.057665
0.065324
0.060340
0.058192
0.058802
0.060922
0.060247
0.057576
0.058437
0.060517
0.059686
0.057489
0.059489
0.060860
0.057384
0.058042
0.061044
0.058006
0.058878
0.061011
0.060656
0.057656
0.058964
0.060509
0.060071
0.057552
0.059075
0.060070
0.057645
0.058112
0.060798
0.058129
0.059076
0.060924
0.060156
0.057707
0.058929
0.060190
0.059939
0.058309
0.059245
0.060569
0.059814
0.057483
0.058817
0.059001
0.058019
0.061644
0.059597
0.058124
0.063409
0.060521
0.060660
0.057703
0.058963
0.060795
0.060194
0.057615
0.058867
0.061304
0.057827
0.060043
0.060820
0.057846
0.058815
0.060693
0.060381
0.057657
0.058930
0.060821
0.060276
0.063375
0.059483
0.060678
0.057913
0.058403
0.060663
0.057846
0.059168
0.060904
0.060669
0.057620
0.058623
0.060310
0.059971
0.058392
0.058961
0.060422
0.057592
0.058135
0.060861
0.057586
0.058917
0.061271
0.060501
0.058272
0.059566
0.060713
0.065697
0.057821
0.058443
0.061016
0.059606
0.057982
0.059722
0.058336
0.057692
0.061336
0.060298
0.057575
0.059022
0.060738
0.060340
0.057785
0.058636
0.060307
0.060150
0.057923
0.059464
0.060701
0.057414
0.058595
0.060836
0.057495
0.058744
0.086604
21.770973
0.058267
0.058754
0.060866
0.060437
0.057727
0.059297
0.060956
0.057715
0.058513
0.061056
0.057931
0.058491
0.060661
0.059987
0.057656
0.065161
0.060302
0.059616
0.057430
0.059256
0.065403
0.057334
0.064935
0.060828
0.057659
0.058472
0.061069
0.059823
0.057650
0.059248
0.060835
0.060040
0.057873
0.059138
0.060463
0.059797
3.959823
0.058732
0.057865
0.058090
0.061023
0.060328
0.057484
0.059447
0.060159
0.059445
0.057675
0.058519
0.060365
0.059667
0.057706
0.058835
0.060553
0.057564
0.057966
0.060930
0.057939
0.058980
0.060575
0.059764
0.057927
0.058518
0.061104
0.060067
0.057475
0.059009
0.060233
0.057976
0.058340
0.067081
0.057788
0.058704
0.060656
0.060523
0.057255
0.058233
0.060817
0.059880
0.057516
0.059437
0.060458
0.059597
0.057688
0.061330
0.057933
0.057349
0.062513
0.059957
0.057523
0.058739
0.060489
0.062482
0.057950
0.058708
0.059782
0.059563
0.058158
0.058878
0.058333
0.058704
0.060294
0.060565
0.057383
0.058294
0.060578
0.059659
0.057581
0.058462
0.060507
0.059993
0.057294
0.058586
0.060759
0.057708
0.062187
0.062281
0.057874
0.058773
0.066735
0.059603
0.057894
0.058258
0.060092
0.060182
0.057583
0.059172
0.060635
0.057559
0.058602
0.061313
0.057925
0.059228
0.060992
0.059563
0.057364
0.058849
0.060290
0.059890
0.058278
0.058562
0.060187
0.059547
0.057922
0.060815
0.057499
0.057911
0.061441
0.060224
0.057552
0.059132
0.062050
0.060456
0.057521
0.058416
0.060597
0.060417
0.057996
0.058680
0.079271
0.057206
0.060250
0.061080
0.057963
0.058998
0.060341
0.060021
0.057378
0.058671
0.066005
0.060202
0.057714
0.059211
0.060952
0.057607
0.058192
0.061264
0.057994
0.058731
0.061148
0.059799
0.057686
0.058617
0.060590
0.060190
0.058081
0.058820
0.060420
0.057508
0.057752
0.061373
0.057586
0.059534
0.059948
0.060249
0.057680
0.058624
0.060804
0.060667
0.057735
0.059411
0.060647
0.060116
0.057730
0.059143
0.058313
0.057890
0.061799
0.060131
0.057746
0.058792
0.060880
0.060017
0.058191
0.059224
0.060324
0.059647
0.057851
0.064490
0.060571
0.057807
0.060578
0.060505
0.057928
0.059347
0.060983
0.059836
0.057984
0.058966
0.060473
0.060228
0.057920
0.058560
0.060596
0.057774
0.058349
0.061303
0.058237
0.059055
0.060926
0.060528
0.058066
0.058981
0.060419
0.060351
0.058035
0.058829
0.060239
0.057757
0.058421
0.061108
0.058160
0.058450
0.060055
0.059737
0.057962
0.058812
0.061561
0.059657
0.057146
0.058684
0.061036
0.059671
0.057765
0.059058
0.058387
0.058565
0.066722
0.060336
0.057374
0.058843
0.060675
0.059740
0.057855
0.059226
0.060611
0.060408
0.058154
0.058815
0.060390
0.057347
0.058284
0.061101
0.058028
0.058910
0.060889
0.066088
0.057775
0.058918
0.060655
0.060798
0.057880
0.058660
0.060506
0.057998
0.057779
0.060557
0.058108
0.058414
0.060144
0.059998
0.057558
0.058766
0.060491
0.059881
0.057957
0.058887
0.060563
0.059253
0.057391
0.061027
0.057809
0.058332
0.066040
0.059769
0.057362
0.064315
0.060651
0.060037
0.057617
0.066819
0.060278
0.059651
0.057734
0.058917
0.058640
0.058224
0.060760
0.060489
0.057761
0.059189
0.060781
0.060122
0.057799
0.058742
0.060509
0.060104
0.057538
0.059208
0.060155
0.057911
0.058238
0.061151
0.057969
0.058875
0.060461
0.060191
0.057744
0.058347
0.060013
0.059736
0.057689
0.058855
0.061035
0.057607
0.057894
0.061230
0.057682
0.058695
0.060501
0.059999
0.057372
0.059141
0.060344
0.065828
0.058185
0.059118
0.060190
0.059714
0.057828
0.061172
0.057764
0.058068
0.061085
0.059827
0.057723
0.058664
0.060213
0.059803
0.058070
0.058675
0.060407
0.060138
0.057829
0.058430
0.060483
0.058062
0.060425
0.060779
0.057917
0.058767
0.060725
0.060357
0.057529
0.058765
0.060425
0.060176
0.057611
0.058608
0.060613
0.058019
0.058098
0.061445
0.057694
0.058788
0.060932
0.060142
0.057535
0.058954
0.060807
0.060085
0.058062
0.059136
0.065662
0.057414
0.058168
0.060796
0.057774
0.059174
0.060405
0.059703
0.057350
0.058749
0.060477
0.060151
0.058693
0.059485
0.060417
0.059903
0.057448
0.059072
0.058178
0.057751
0.061307
0.060071
0.057672
0.058451
0.060478
0.060104
0.057599
0.058481
0.060204
0.059739
0.057926
0.058876
0.060565
0.057691
0.059931
0.060807
0.057713
0.058985
0.061068
0.059789
0.057547
0.059080
0.060616
0.063511
0.058750
0.059010
0.060550
0.057453
0.058553
0.066372
0.057896
0.058421
0.060536
0.060269
0.057577
0.058633
0.061416
0.066269
0.058107
0.059093
0.060531
0.058022
0.058477
0.061049
0.058641
0.058865
0.061340
0.060162
0.057586
0.058531
0.060492
0.060325
0.057476
0.059215
0.060687
0.060154
0.057492
0.058886
0.058474
0.058013
0.061811
0.060674
0.057711
0.058772
0.061274
0.059958
0.057873
0.059321
0.060183
0.059879
0.057492
0.058861
0.060920
0.057549
0.058855
0.061856
0.057800
0.058911
0.066142
0.060239
0.057937
0.059043
0.060173
0.060155
0.058145
0.058953
0.060473
0.057800
0.058140
0.060910
0.057839
0.058597
0.061089
0.060819
0.057598
0.059071
0.060892
0.060141
0.057869
0.059099
0.060697
0.057323
0.058020
0.061565
0.057745
0.059002
0.060586
0.060121
0.057146
0.058818
0.060835
0.059583
0.057804
0.059068
0.060081
0.060115
0.057801
0.059205
0.058684
0.058316
0.060903
0.060386
0.057516
0.058756
0.060663
0.059588
0.057747
0.058417
0.065907
0.060206
0.058376
0.059341
0.060505
0.057693
0.058345
0.061148
0.058295
0.058765
0.060319
0.059748
0.057731
0.058527
0.060658
0.060305
0.057662
0.058217
0.067033
0.058119
0.058105
0.061249
0.057564
0.058836
0.060497
0.060331
0.057470
0.058508
0.060142
0.059833
0.057967
0.059400
0.060843
0.060392
0.057994
0.061017
0.057933
0.058504
0.061903
0.060160
0.057509
0.058845
0.060955
0.059941
0.057940
0.058864
0.060670
0.060031
0.057479
0.064321
0.058956
0.058951
0.060319
0.060414
0.058077
0.058649
0.060588
0.060304
0.057355
0.058606
0.060448
0.059976
0.057971
0.059111
0.061443
0.058072
0.062341
0.063208
0.057508
0.058465
0.060547
0.060187
0.057379
0.059076
0.060037
0.059972
0.057739
0.058912
0.060877
0.057801
0.058690
0.060700
0.057405
0.058888
0.086750
8.569767
0.058091
0.058637
0.060317
0.059592
0.058216
0.058963
0.060420
0.059812
0.057647
0.060630
0.057615
0.057546
0.066946
0.060477
0.057649
0.058584
0.060501
0.060290
0.057979
0.058767
0.060215
0.059983
0.057850
0.058609
0.060235
0.057558
0.060336
0.060346
0.057611
0.058706
0.061003
0.059937
0.056712
0.058553
0.060321
0.059627
0.057431
0.058882
0.059973
0.057563
0.058040
0.060608
0.057696
0.058605
0.061623
0.059511
0.057515
0.058533
0.060630
0.060121
0.057813
0.059020
0.060123
0.056678
0.058099
0.062141
0.057382
0.058493
0.060005
0.060010
0.057569
0.063972
0.060497
0.060299
0.057562
0.058268
0.060325
0.059230
0.057506
0.058526
