5.310935
5.329209
5.296423
5.326041
5.321841
5.325199
5.322914
5.322901
5.301731
5.308365
5.350494
5.288911
5.313010
5.310412
5.320312
5.315451
5.298326
5.298156
5.306992
5.332411
5.319197
5.316264
5.299388
5.292715
5.310655
5.288309
5.324789
5.292511
5.306836
5.338178
5.289759
5.302265
5.318705
5.296847
5.320576
5.301601
5.294259
5.319175
5.307361
5.297004
5.306350
5.294112
5.314246
5.307030
5.285111
5.268442
5.293350
5.292447
5.309524
5.296550
5.290628
5.298290
5.301720
5.324225
5.287837
5.302244
5.288929
5.304820
5.294333
5.293425
5.289206
5.294779
5.285976
5.294741
5.321826
5.293301
5.310299
5.288437
5.305229
5.298145
5.318233
5.302646
5.288810
5.289228
5.319967
5.300031
5.297348
5.311681
5.311248
5.287672
5.310305
5.318897
5.296877
5.299365
5.367545
5.314817
5.299290
5.306241
5.297513
5.319539
5.336091
5.296585
5.340215
5.304975
5.325773
5.297520
5.296372
5.297726
5.343935
5.299788
5.327451
5.307663
5.299541
5.297213
5.297830
5.299385
5.294569
5.300397
5.334782
5.321935
5.306720
5.295373
5.322043
5.314716
5.301310
5.303391
5.296982
5.307319
5.294816
5.306230
5.302956
5.308201
5.302617
5.328713
5.311240
5.295367
5.323929
5.301418
5.292996
5.299495
5.333250
5.295029
5.303290
5.288354
5.319817
5.297844
5.283477
5.316859
5.311076
5.288983
5.294464
5.322617
5.305487
5.301181
5.306684
5.297186
5.295848
5.294781
5.325497
5.304010
5.320917
5.296940
5.324556
5.307273
5.298670
5.304169
5.299081
5.341048
5.292495
5.311493
5.316363
5.288017
5.293414
5.308018
5.292892
5.282904
5.309439
5.328249
5.299559
5.297395
5.328017
5.305020
5.301552
5.302694
5.316756
5.296052
5.306219
5.309033
5.313664
5.275733
5.295390
5.351580
5.279517
5.297240
5.308290
5.290743
5.323645
5.305702
5.291264
5.290221
5.318411
5.294744
5.333984
5.308465
5.303402
5.313940
5.288623
5.309003
5.305282
5.285614
5.307509
5.340545
5.302127
5.288660
5.293532
5.291744
5.310205
5.307300
5.304705
5.320592
5.298544
5.316463
5.301186
5.295547
5.313912
5.291767
5.305948
5.290474
5.314393
5.304780
5.296203
5.304813
5.302786
5.290680
5.289599
5.286355
5.308100
5.307106
5.302382
5.324982
5.321345
5.311289
5.335950
5.330894
5.311439
5.295893
5.310797
5.326379
5.303810
5.315280
5.305550
5.307481
5.301982
5.295993
5.300288
5.291155
5.318233
5.294868
5.299922
5.296676
5.327651
5.302812
5.298322
5.286058
5.291771
5.313473
5.310788
5.269143
5.317420
5.285906
5.294848
5.289729
5.285919
5.316806
5.333652
5.333647
5.279038
5.312657
5.320746
5.299286
5.308570
5.342727
5.288868
5.322250
7.143436
5.303443
5.297246
5.387654
5.292279
5.286018
5.295554
5.298513
5.302005
5.295972
5.291948
5.279011
5.309024
5.299766
5.300401
5.304966
5.319437
5.324110
5.310799
5.337688
5.298187
5.369457
5.277930
5.315346
5.293408
5.297428
5.300631
5.292572
5.302366
5.301257
5.313327
5.305428
5.341220
5.395481
5.304297
5.284751
5.315608
5.306416
5.282118
5.372538
5.342627
5.331211
5.305514
5.320186
5.327761
5.300274
5.300890
5.301545
5.301090
5.303562
5.298306
5.291282
5.303546
5.301051
5.289099
5.326346
5.302310
5.285495
5.338445
5.311593
5.312944
5.310231
5.303169
5.292778
5.307480
5.317937
5.296842
5.304761
5.313356
5.343040
5.343530
5.315545
5.298678
5.310551
5.316275
5.312519
5.336582
5.291241
5.317366
5.301218
5.304762
5.313449
5.298877
5.295376
5.298051
5.299919
5.321255
5.319242
5.277879
7.132284
5.318986
5.301765
5.286972
5.295125
5.300351
5.297825
5.304688
5.312113
5.318675
5.295754
5.293082
5.323392
5.300038
5.326265
5.308616
5.308177
5.287896
5.292130
5.301266
5.324447
5.299091
5.315704
5.298094
5.295835
5.318708
5.305529
5.302546
5.281682
5.326173
5.298189
5.294675
5.298898
5.328031
5.310132
5.293543
5.330633
5.293230
5.299030
5.310817
5.297264
5.291714
5.283720
5.296154
5.305324
5.290208
5.316075
5.281089
5.292511
5.296426
5.321413
5.293364
5.313315
5.319600
5.289328
5.332689
5.312128
5.286030
5.296066
5.327736
5.342363
5.311774
5.292388
5.317977
5.293988
5.294885
5.315477
5.297741
5.303113
5.306174
5.308863
5.302117
5.303771
5.289956
5.308819
5.312366
5.294747
5.292109
5.290512
5.321975
5.298270
5.341625
5.312658
5.287746
5.293574
5.309685
5.300637
5.303116
5.285664
7.167167
5.297008
5.288680
5.302012
5.291945
5.285674
5.305971
5.281658
5.297302
5.292462
5.295701
5.294495
5.283594
5.293641
5.309861
5.288043
5.292923
5.316737
5.300018
5.294898
5.326411
5.294926
5.291152
5.291403
5.308847
5.308270
5.304336
5.314270
5.290298
5.320550
5.300641
5.312837
5.310806
5.306316
5.310781
5.308933
5.301156
5.308191
5.325749
5.311895
5.300569
5.307794
5.315197
5.323580
5.306095
5.301799
5.327316
5.285495
5.286944
5.313519
5.301979
5.294419
5.296780
5.314372
5.308348
5.306399
5.323232
5.307391
5.310791
5.307988
5.316505
5.310421
5.280885
5.298462
5.287574
5.290600
5.267492
5.354326
5.312094
5.300755
5.320190
5.333034
5.300645
5.294652
5.316842
5.321415
5.295811
5.305022
5.306913
5.306417
5.320936
5.309540
5.338019
5.305988
5.330774
5.304418
5.289566
5.303291
5.321165
5.281234
5.286005
5.319480
5.301262
5.307723
5.304234
5.288562
5.276130
5.284188
5.300478
5.302663
5.300119
5.305255
5.307978
5.315809
5.282217
5.302342
5.303097
5.298427
5.295010
5.309390
5.303798
5.281762
5.313650
5.295507
5.278547
5.311196
5.306619
5.282949
5.336776
5.290260
5.302065
5.294029
5.304264
5.317261
5.316144
5.294895
5.286203
5.301963
5.298159
5.309748
5.318954
5.319752
5.288927
5.291216
5.306296
5.307780
5.319984
5.299826
5.296765
5.323243
5.319979
5.312560
5.294113
5.304603
5.331428
5.287162
5.316505
5.292425
5.304225
5.310675
5.291643
5.295631
5.296409
5.290411
5.323969
5.279407
5.303752
5.293895
5.331137
5.308606
5.285614
5.324318
5.295208
5.316682
5.303595
5.291091
5.305893
5.317349
5.299721
5.355550
5.307949
5.276741
5.298008
5.325974
5.297882
5.271993
5.288170
5.292526
7.187882
5.310956
5.302334
5.320603
5.298169
5.293574
5.306682
5.311229
5.329319
5.300937
5.293723
5.287029
5.296096
5.310320
5.293064
5.297885
5.307578
5.298863
5.286314
5.303527
5.292552
5.288573
5.315796
5.455155
5.289492
5.289602
5.292870
5.309389
5.295586
5.307382
5.311914
5.309173
5.307043
5.322338
5.288166
5.301174
5.307757
5.287648
5.304274
5.301237
5.303047
5.308150
5.310234
5.288393
5.304631
5.317265
5.299991
5.305454
5.318962
5.302763
5.347955
5.294473
5.317112
5.303386
5.300097
5.308486
5.316912
5.285475
5.301832
5.304239
5.289876
5.290815
5.302661
5.313606
5.307331
5.310234
5.305109
5.296853
5.332339
5.304751
5.297077
5.305126
5.313307
5.301238
5.309086
5.294779
5.334145
5.305592
5.310581
5.308457
5.309328
5.289501
5.308867
5.319596
5.290897
5.296973
5.281273
5.304751
5.323447
7.214316
5.317705
5.304178
5.298391
5.322139
5.337739
5.283203
5.305953
5.293295
5.321282
5.341047
5.291227
5.307854
5.292842
5.301161
5.316224
5.305369
5.312740
5.313397
5.334915
5.305160
5.310943
5.310665
5.307300
5.303219
5.306852
5.344526
5.317303
5.299449
5.334556
5.298994
5.302269
5.296778
5.335624
5.310374
5.291118
5.311691
5.314058
5.318041
5.319689
5.363304
5.306344
5.303537
5.283772
5.290636
5.293296
5.336139
5.307799
5.299712
5.289437
5.323400
5.329844
5.300782
5.295019
5.307182
5.296783
5.306541
5.308523
5.301897
5.281764
5.309648
5.343268
5.312982
5.316866
5.297932
5.306646
5.288297
5.311087
5.302586
5.296609
5.316856
5.311183
5.310284
5.299349
5.298882
5.328139
5.301782
5.313954
5.287169
5.337978
5.312229
5.339739
5.303837
5.280824
5.311877
5.309229
5.337757
5.291339
5.309701
5.301710
5.338786
5.288473
5.302489
5.307216
5.317002
5.305240
5.330999
5.320809
5.306932
5.332563
5.316184
5.279878
5.293820
5.342460
5.303159
5.285420
5.304815
5.310749
5.322422
5.305830
5.325115
5.318492
5.303065
5.306298
5.313641
5.296890
5.309519
5.312586
5.321313
5.288147
5.312266
5.303523
5.310428
5.295309
5.308103
5.298420
5.320686
5.295305
5.322429
5.320508
5.305175
5.307901
5.303773
5.289616
5.284822
5.320860
5.303501
5.310835
5.298830
5.301447
5.299636
5.332496
5.296912
5.295426
5.291770
5.335377
5.312751
5.298888
5.291378
5.322431
5.368435
5.283477
5.307151
5.290383
5.314214
5.294146
5.312804
5.306988
5.330025
5.306060
5.288938
5.294744
5.288137
5.304842
5.328300
5.296888
5.293846
5.306615
5.285064
5.298138
5.314871
5.299274
5.322814
5.306060
5.307745
5.330742
5.302333
5.329352
7.240617
5.306563
5.289137
5.315841
5.319056
5.291555
5.314407
5.303912
5.310029
5.285886
5.308448
5.314486
5.281139
5.304449
5.294509
5.308440
5.281911
5.304651
5.308218
5.296035
5.290833
5.302141
5.326754
5.289335
5.330884
5.296604
5.329053
5.318629
5.304846
5.290549
5.285082
5.308393
5.292689
5.301932
5.298886
5.320929
5.302886
5.294355
5.294842
5.283396
5.291586
5.304730
5.295470
5.283303
5.296290
5.312236
5.312087
5.308713
5.281182
5.290862
5.303194
5.312226
5.285622
5.293172
5.293457
5.293432
5.293777
5.298643
5.317559
5.286840
5.314854
5.300430
5.330908
5.284792
5.292797
5.294968
5.286040
5.297178
5.297889
5.291898
5.318557
5.307797
5.289592
5.330950
5.308927
5.305811
5.284429
5.318027
5.291378
5.341795
5.285896
5.318021
5.287170
5.287980
5.289350
5.287814
5.304929
5.330559
5.321287
5.297144
5.284297
5.326516
5.297991
5.277263
5.295683
5.308706
5.286228
5.281928
5.323266
5.309703
5.293026
5.300403
5.318110
