508.989946
508.006324
505.019195
505.017061
507.144565
509.273252
508.823401
508.025786
504.849243
505.135878
509.275822
508.497917
508.583178
504.916892
505.150585
505.081855
510.638728
508.458814
508.314096
504.601133
505.110521
507.233178
510.310709
508.337392
507.545591
504.679734
504.765650
509.510935
508.471809
508.713305
505.493712
504.260964
504.773252
511.246572
508.646670
507.994192
504.799489
504.690013
506.066448
509.161873
508.856856
508.496331
505.281373
504.998353
509.186538
509.253728
508.236690
507.148510
504.794931
505.177669
511.752432
508.318300
507.451822
505.221390
505.208086
505.445801
509.773202
509.329046
507.454792
504.538835
504.404915
506.996347
509.054323
509.290053
507.102507
504.728353
505.647801
511.586672
508.823641
508.619752
505.351767
505.318866
505.162412
508.637162
508.731064
508.347913
504.708659
505.681134
507.830628
509.050467
508.362403
507.303838
505.445941
505.500689
511.835946
508.895435
508.333944
505.123270
504.673550
504.841430
508.675603
508.505643
508.261866
505.587529
505.633286
506.136150
508.722156
508.660059
507.425114
504.887636
504.818383
509.019590
508.599541
508.191478
505.245495
505.205357
505.255607
509.785151
509.010956
508.356180
505.869420
505.578251
507.219736
509.058057
508.355248
507.345752
504.685850
505.241202
508.793766
509.152871
508.448147
505.372133
505.634632
504.201799
511.228211
509.088487
507.324156
504.562342
505.396711
506.264759
509.140530
508.561966
508.068064
505.458108
505.751452
508.250971
509.418904
507.845283
506.480011
504.530583
505.069696
511.579114
508.667602
507.610944
505.269505
504.713846
506.230217
509.080120
508.747332
507.993846
505.356214
504.793193
507.810814
509.012076
508.695593
507.801854
504.939965
504.993020
511.623057
508.904789
508.699345
505.644616
505.518621
505.884271
509.012184
508.718516
508.021521
505.402882
504.713713
507.180304
509.118954
508.013717
507.920710
504.835563
504.665621
510.005070
509.163045
508.448525
505.411229
504.809493
504.977754
511.368911
508.923076
508.554552
505.251916
504.490155
507.938609
509.217113
508.116153
507.791320
504.678344
505.541213
511.117166
508.282329
508.020646
504.975587
504.349641
506.284106
509.242139
508.806769
507.931070
505.150562
504.304727
507.959756
509.016207
508.762067
507.134402
505.056417
505.215544
511.332239
508.244585
508.519693
505.711803
505.286800
505.283484
509.390192
509.270494
508.286130
505.502560
505.369454
506.497548
508.741417
508.469111
507.814714
504.915695
505.435407
509.698400
509.208940
508.795211
505.233493
504.722971
505.819689
511.281814
509.013244
508.345659
504.633449
504.657604
506.938620
509.069339
508.394866
508.270828
504.394079
504.845689
509.086571
509.472932
508.006017
505.357266
504.907008
504.464516
511.684016
509.571811
509.244598
505.533135
505.098091
505.325192
509.247348
508.097189
507.805377
505.334228
505.225126
508.756539
509.203638
508.817600
507.900046
505.656698
505.567975
511.279241
508.771286
507.529775
504.328419
505.353554
506.082616
509.820988
508.981230
508.547986
505.219347
505.554214
508.086621
510.025811
508.504724
507.483828
504.514762
505.425841
511.216340
508.950598
508.538997
505.039598
504.778715
505.784965
509.100399
508.642977
507.958813
504.912146
505.135624
507.060651
509.527747
508.944792
507.923472
506.078143
504.129563
509.017222
509.439838
508.803294
505.419046
504.998102
505.442538
511.944754
508.552825
508.547852
504.730863
505.211156
506.616157
509.100438
509.076964
507.513963
504.582365
505.113067
508.963704
509.395577
508.545112
505.331054
505.073168
504.613324
512.086094
509.081690
507.766171
504.701454
505.029904
505.579352
509.516076
508.868459
507.692729
504.666854
505.624430
508.221781
509.273193
508.007397
507.791550
505.279933
505.165715
512.249175
509.368388
508.072478
505.134389
505.281146
508.207611
509.832647
508.931454
507.680530
505.365093
504.673229
510.530171
508.801191
508.560223
504.380792
504.484607
505.428601
509.041918
508.992651
508.130165
505.423448
505.583551
506.893092
509.149873
508.552578
507.630524
505.322902
505.245310
509.643405
509.457886
508.211587
505.234986
505.176339
505.161009
511.417474
508.661583
508.633565
505.293824
504.814465
506.257554
508.827811
508.378141
507.854449
504.867410
504.480500
508.579932
509.124667
508.359270
507.712791
505.284252
505.245208
512.309532
509.487712
508.664388
505.469437
505.546889
505.767468
509.781848
509.614059
507.608995
504.578017
504.834444
508.343021
509.286720
508.335349
507.663210
504.714801
505.232199
511.726115
509.654189
508.288641
505.510618
504.675956
505.159051
509.787842
508.279290
508.058075
505.298235
505.240503
508.194939
508.997385
508.755262
507.875462
505.388262
504.519590
508.566073
509.135274
508.766328
504.787742
505.070731
505.692211
509.362448
508.996649
508.464428
505.315322
504.932798
506.908566
509.039524
509.026657
507.902210
504.960999
504.726298
509.125149
509.807334
508.710238
505.716914
504.938041
508.993542
508.800548
507.923331
507.785742
505.151970
505.352959
511.465135
509.060981
507.888301
504.942655
504.722494
506.367916
509.183176
508.177192
507.502969
505.048741
505.282368
508.151318
508.847209
508.559070
507.727121
505.134049
504.449352
510.901034
509.232620
508.026616
504.828034
504.980989
506.039342
509.195195
508.881175
508.278990
505.300584
505.803984
508.077242
509.781783
508.297968
508.077978
504.990880
505.198789
508.722862
509.474115
508.411569
504.632725
504.724152
505.427189
510.939889
509.136672
508.531362
504.746375
504.958034
505.889417
509.330784
508.173430
507.904963
505.181656
504.782752
508.855456
508.812079
508.371283
505.686471
505.042690
505.618688
511.772680
509.082020
508.141529
504.684676
504.672684
506.544036
508.813670
508.399920
508.250176
505.782865
504.998163
508.325963
509.450411
508.812279
507.351236
504.335141
504.396662
511.653347
509.571813
507.918996
504.914410
505.182177
505.578677
509.381192
508.732337
508.026241
505.382468
504.958861
507.724045
509.380449
508.861082
507.302202
504.938028
505.361152
511.741206
508.779661
508.645489
505.327141
505.011143
505.990504
509.043626
508.957942
507.946456
504.380140
505.177319
507.272528
509.011821
508.678079
508.290328
505.396514
505.065067
509.485332
509.275350
507.852999
504.597155
504.801092
505.149659
511.382847
508.671546
508.025209
505.175739
505.291893
506.240421
509.615844
508.250963
507.426147
504.532458
505.548595
508.557120
508.980077
508.048728
504.749412
504.921409
505.332229
511.669442
508.791775
508.337163
505.075270
505.456465
506.099073
509.125241
508.850490
507.564315
504.991917
505.669896
507.735980
509.641244
509.005956
506.843413
504.938788
505.406675
512.774655
509.141284
508.770058
504.655953
504.914770
505.991280
509.129351
509.062349
508.294245
505.100907
505.350893
507.236877
508.971791
508.447144
507.619296
504.604593
505.448525
511.136308
508.788207
508.465122
504.374505
505.156121
505.268908
509.090964
509.275871
508.500930
505.141396
504.435193
507.202164
508.698578
509.353414
508.227242
504.319949
505.732024
509.288072
508.802432
507.911572
505.692191
505.110491
504.653923
511.669560
508.878202
508.131466
505.585421
504.987252
506.249022
509.343831
508.831467
507.732674
505.475023
505.277980
508.909336
509.204144
508.432675
504.654933
505.020542
505.062669
511.200733
509.147205
508.078265
505.360208
506.007625
505.901753
509.069355
508.832730
507.356519
505.026239
505.426299
507.567782
509.204417
508.485018
507.605993
504.741240
505.171344
512.493804
509.138491
508.632213
505.158181
504.654291
504.991718
509.070210
508.766820
507.871563
505.002010
505.007305
507.249952
509.759930
508.905305
508.327036
505.151080
504.497492
509.443251
509.484781
508.774777
505.386265
505.367787
505.616053
510.620941
509.791963
508.921933
505.155346
505.077344
506.995277
510.020698
508.821234
507.845452
505.258067
504.992644
508.475937
509.625961
508.589615
507.749982
504.708858
505.367057
511.259340
509.441908
508.212384
504.423750
504.981291
505.992772
508.743620
509.162035
508.542792
504.964767
506.314111
507.878633
509.213744
508.326727
507.299750
505.636110
505.120806
511.495474
508.581244
508.453914
504.941839
504.836307
505.778344
509.467595
509.010313
507.551922
503.945500
506.114949
508.335308
509.458660
508.518731
508.394500
505.409594
505.715096
509.634689
509.523638
508.362833
505.323035
505.578448
505.379155
509.669284
509.323634
508.321548
505.247225
504.798617
506.925347
509.694429
508.463377
508.358362
505.388711
505.173045
508.571284
509.012888
508.957271
505.354055
505.217932
504.839407
511.493516
508.555837
507.937505
505.580525
508.694798
506.333744
508.830215
508.560502
507.601984
504.711856
504.876680
508.577852
509.788883
508.382586
506.909324
505.147827
505.310600
511.150229
509.220029
508.030478
505.059133
504.793980
505.516874
508.698097
508.573397
508.563727
504.473011
505.109412
508.212457
509.077624
509.161733
507.178235
505.187193
505.797099
510.826547
509.191981
508.307723
505.434358
504.761496
505.798281
509.069370
508.861490
508.486443
505.221560
505.488399
506.841562
508.880655
508.891990
507.819120
504.586190
504.990035
509.152489
509.382671
508.741852
505.256883
505.139285
505.911509
511.284864
509.282731
508.260708
505.160682
505.035719
506.520816
509.598031
508.641008
508.034640
504.705093
504.723632
509.234393
508.829218
508.941696
507.630992
505.149069
504.825814
512.207601
508.911419
508.331421
505.377757
504.634166
506.006065
510.788172
508.721461
507.873621
504.849873
505.160677
507.898010
508.972848
509.306254
506.973408
505.682428
505.295361
511.208902
508.452924
508.342531
505.048629
505.588662
505.916109
510.003231
508.975885
508.287493
505.292796
505.415247
507.459793
509.293296
508.668423
507.481740
505.075691
505.388621
511.214337
508.901622
507.904706
505.172260
504.292215
505.359452
509.495930
509.286478
508.297102
505.192245
505.541863
506.793904
509.351346
508.592989
508.275288
504.745767
505.428642
509.757596
509.283347
508.343278
505.200075
504.836096
505.463561
512.146103
508.977914
508.629690
505.146158
505.300051
506.261091
509.797531
508.562757
507.619102
505.013162
504.759815
508.578636
509.001841
508.363606
507.601591
505.017936
505.095894
511.658062
509.424642
508.368487
504.395060
505.252745
505.600482
509.243014
508.471034
507.665305
505.345163
505.690838
507.557830
508.994549
509.211043
507.266873
504.769876
504.650838
511.397012
509.029342
508.542548
505.110465
504.930113
505.300061
509.519831
509.277172
509.081350
505.217715
505.210325
507.236704
509.435309
508.410105
507.823856
505.117931
504.982669
509.623147
509.073248
508.737594
505.223973
505.801200
505.310424
512.418662
509.562206
509.022985
504.370746
504.780672
506.093076
509.228908
508.401602
508.312294
505.068654
504.819453
508.837833
509.880249
508.497185
507.302381
505.304186
504.951586
511.786746
509.426859
509.069224
505.816239
505.234884
505.501657
510.090342
508.184844
507.492461
505.527930
505.410959
508.138022
509.089127
508.291204
507.801071
504.367467
505.919123
510.485904
509.692244
508.704612
505.187008
505.855329
505.578719
