0.190991
0.192226
0.185818
0.189172
0.188683
0.187293
0.185681
0.184335
0.184622
0.185929
0.189633
0.187274
0.183923
0.183739
0.186219
0.189225
0.195696
0.184486
0.186847
0.184337
0.186375
0.187105
0.189094
0.188743
0.187854
0.186171
0.189394
0.188569
0.187116
0.186132
0.189178
0.187587
0.188342
0.186436
0.190656
0.186659
0.188115
0.190624
0.188705
0.188571
0.190637
0.189759
0.187956
0.188114
0.190458
0.189120
0.187824
0.189528
0.193292
0.189866
0.188539
0.189266
0.188947
0.186991
0.191425
0.189373
0.188601
0.188428
0.191036
0.188982
0.187100
0.188411
0.190090
0.188754
0.188493
0.189155
0.190102
0.186771
0.190280
0.189588
0.187021
0.192427
0.191366
0.204092
0.187859
0.188856
0.190049
0.189613
0.187629
0.190679
0.192381
0.187791
0.188649
0.191862
0.188013
0.204271
0.190913
0.190484
0.188039
0.192143
0.189837
0.189533
0.187693
0.189124
0.189850
0.187481
0.207152
0.190876
0.188074
0.189106
0.190424
0.189696
0.186887
0.188466
0.190830
0.190601
0.188084
0.188338
0.190748
0.189458
0.188051
0.190647
0.189270
0.188496
0.191888
0.189807
0.187690
0.188691
0.191382
0.195160
0.188531
0.189013
0.191178
0.189964
0.188501
0.187742
0.189898
0.186874
0.188785
0.190879
0.188318
0.187082
0.191435
0.189382
0.187999
0.188067
0.190636
0.188818
0.187893
0.188889
0.190272
0.186636
0.188919
0.192688
0.189247
0.188353
0.206172
0.188789
0.187365
0.187419
0.190737
0.188973
0.187746
0.188299
0.191682
0.190178
0.187786
0.190982
0.202341
0.187304
0.191127
0.189422
0.187729
0.188615
0.190041
0.189858
0.188070
0.187701
0.195415
0.189712
0.193369
0.190947
0.187983
0.186997
0.189763
0.191676
0.188378
0.189434
0.190877
0.189757
0.187133
0.188251
0.224226
0.189111
0.187914
0.188485
0.191038
0.187164
0.188218
0.190997
0.188150
0.188229
0.191939
0.190263
0.193646
0.189197
0.190258
0.190403
0.187808
0.189139
0.191004
0.186906
0.189476
0.191342
0.188761
0.192240
0.190310
0.191886
0.189892
0.188691
0.191510
0.190041
0.188099
0.189175
0.191380
0.189275
0.188177
0.196266
0.188194
0.186813
0.191560
0.189565
0.187696
0.188878
0.191445
0.190322
0.188595
0.189145
0.191549
0.190174
0.187218
0.188675
0.190717
0.187543
0.196659
0.190330
0.187797
0.188049
0.190260
0.191188
0.188278
0.188751
0.191175
0.189338
0.187780
0.190283
0.196099
0.187785
0.188967
0.191367
0.187526
0.189258
0.190673
0.190888
0.187630
0.188105
0.191003
0.191326
0.196206
0.189345
0.206409
0.187363
0.188677
0.190672
0.187924
0.188481
0.196021
0.189565
0.187385
0.188509
0.190578
0.192430
0.189097
0.189904
0.190501
0.190146
0.193773
0.189961
0.187869
0.187841
0.191489
0.191217
0.188341
0.204074
0.190363
0.190120
0.188094
0.188474
0.191348
0.190427
0.188103
0.189841
0.191508
0.188164
0.190757
0.190424
0.187235
0.189422
0.190563
0.189234
0.187625
0.188376
0.190218
0.190929
0.187981
0.189156
0.190398
0.187756
0.187996
0.190821
0.187685
0.189007
0.190714
0.191301
0.187035
0.189110
0.195448
0.190291
0.187006
0.188922
0.190737
0.188649
0.188462
0.191064
0.186860
0.189267
0.189932
0.190998
0.187754
0.204029
0.190834
0.191096
0.186598
0.189561
0.189866
0.194668
0.188541
0.189911
0.187481
0.187797
0.190237
0.197212
0.186480
0.188210
0.190444
0.191202
0.188115
0.190156
0.192017
0.190233
0.187103
0.189382
0.189865
0.193624
0.189073
0.191566
0.187179
0.189287
0.189886
0.190647
0.187333
0.189854
0.189676
0.190403
0.186346
0.198728
0.189170
0.190304
0.188491
0.191895
0.186846
0.189068
0.189436
0.190088
0.186714
0.188813
0.189709
0.190717
0.200444
0.189894
0.189850
0.187775
0.187701
0.191328
0.187545
0.189600
0.190414
0.190116
0.186576
0.188621
0.190766
0.190303
0.187183
0.189415
0.189838
0.190066
0.186933
0.189281
0.187572
0.190069
0.190115
0.190763
0.201687
0.189036
0.189440
0.190727
0.186259
0.188732
0.190305
0.190498
0.187040
0.189594
0.189699
0.187721
0.192123
0.197351
0.187151
0.192147
0.190696
0.191384
0.187696
0.190095
0.191733
0.189987
0.202267
0.190220
0.204535
0.187929
0.187234
0.191039
0.187023
0.190566
0.189767
0.190236
0.187264
0.189022
0.189457
0.190281
0.193013
0.188966
0.190019
0.190432
0.187452
0.191718
0.187314
0.188309
0.191515
0.190547
0.188237
0.189713
0.190151
0.189922
0.187425
0.189324
0.189828
0.189998
0.188071
0.190216
0.188202
0.188431
0.190675
0.191045
0.187766
0.204097
0.190449
0.190697
0.187129
0.190159
0.190721
0.190104
0.187004
0.188619
0.189712
0.188395
0.188629
0.191706
0.187138
0.189357
0.190398
0.190736
0.187022
0.189850
0.190043
0.190296
0.187152
0.188754
0.189587
0.187730
0.187808
0.192073
0.187514
0.190416
0.192115
0.190350
0.187359
0.194395
0.190713
0.190825
0.189466
0.189039
0.204118
0.189623
0.187148
0.190853
0.187597
0.189538
0.191604
0.191276
0.187010
0.189123
0.189872
0.196488
0.193038
0.189570
0.189847
0.190369
0.187902
0.189867
0.190606
0.187991
0.190885
0.191382
0.188585
0.189579
0.206087
0.190085
0.187199
0.192359
0.190724
0.190648
0.188124
0.189650
0.190827
0.188490
0.188936
0.191328
0.202509
0.189261
0.190646
0.190421
0.187003
0.188963
0.190598
0.190306
0.187746
0.188757
0.190192
0.188520
0.188365
0.191644
0.187688
0.189006
0.190290
0.190981
0.187828
0.204580
0.190805
0.190306
0.187878
0.192481
0.196314
0.498395
20.702118
0.191335
0.187428
0.186392
0.191200
0.188993
0.186584
0.187990
0.188532
0.189569
0.186263
0.188536
0.189174
0.189507
0.186571
0.188952
0.189381
0.186651
0.191381
0.190735
0.186253
0.193375
0.188971
0.189422
0.186752
0.188956
0.209178
0.190112
0.186362
0.191703
0.190033
0.186943
0.186957
0.190766
0.187032
0.188059
0.189093
0.189307
0.187104
0.188777
0.189200
0.188863
0.186075
0.188585
0.189633
0.191663
0.187284
0.196699
0.185942
0.187978
0.189124
0.189346
0.185755
0.187960
0.188592
0.189911
0.185992
0.192708
0.189425
0.189299
0.186795
0.190886
0.186618
0.190116
0.190579
0.189463
0.186993
0.188248
0.190461
0.189303
0.187730
0.188340
0.189068
0.190450
0.186304
0.188292
0.188910
0.186512
0.187789
0.190719
0.186868
0.188489
0.189612
0.188516
0.187227
0.187963
0.189453
0.189965
0.187254
0.187973
0.189358
0.186780
0.187844
0.193389
0.192178
0.188054
0.195210
0.189539
0.186599
0.187854
0.191160
0.189032
0.187142
0.188236
0.189276
0.188889
0.187158
0.190340
0.187117
0.187796
0.190828
0.190066
0.187334
0.189149
0.190294
0.190608
0.187819
0.189101
0.189956
0.189454
0.186533
0.189468
0.188055
0.187835
0.203875
0.192732
0.186287
0.189199
0.189082
0.189949
0.186799
0.189025
0.191346
0.190205
0.187061
0.188963
0.194940
0.188469
0.187238
0.191155
0.186661
0.188922
0.189858
0.189396
0.186973
0.188310
0.194899
0.190355
0.192991
0.188384
0.189222
0.186174
0.187445
0.190879
0.186874
0.188324
0.189513
0.192964
0.187052
0.188041
0.191077
0.196574
0.186368
0.188328
0.190003
0.189303
0.187106
0.191219
0.186198
0.187013
0.190625
0.190012
0.186580
0.193397
0.189639
0.190049
0.186972
0.188745
0.190042
0.190151
0.186467
0.188447
0.190606
0.186252
0.189531
0.191091
0.192786
0.189016
0.190232
0.192887
0.210608
0.188921
0.190487
0.189897
0.187313
0.194000
0.190042
0.187078
0.193241
0.190757
0.187260
0.188632
0.190921
0.191812
0.186739
0.187671
0.191062
0.189055
0.187554
0.188040
0.196765
0.187573
0.188485
0.190618
0.187432
0.189363
0.191244
0.189949
0.187683
0.189131
0.190991
0.192045
0.193452
0.188153
0.190569
0.188589
0.187430
0.188891
0.188100
0.186551
0.192093
0.189830
0.187753
0.188104
0.191641
0.188936
0.187215
0.188941
0.191831
0.189815
0.188392
0.188398
0.190103
0.187020
0.195769
0.189517
0.187581
0.187696
0.197064
0.190291
0.187611
0.188054
0.190136
0.192073
0.188388
0.197239
0.190961
0.186627
0.187961
0.189829
0.187690
0.188038
0.191144
0.189713
0.188591
0.188502
0.190356
0.194623
0.188282
0.188129
0.191014
0.187655
0.189225
0.191609
0.188414
0.188935
0.192160
0.189364
0.187505
0.188945
0.191102
0.190389
0.187245
0.188983
0.189738
0.193318
0.187644
0.188888
0.189214
0.187774
0.191816
0.190378
0.201485
0.193935
0.190781
0.190182
0.188203
0.189454
0.190779
0.189571
0.188456
0.189115
0.189721
0.187399
0.195795
0.191119
0.188067
0.188811
0.190299
0.189413
0.188118
0.189061
0.189685
0.189963
0.187339
0.188581
0.190969
0.196234
0.189643
0.191498
0.187153
0.188954
0.190910
0.189929
0.187573
0.189619
0.191114
0.190294
0.187943
0.195412
0.190739
0.187705
0.188822
0.190147
0.187735
0.189033
0.189941
0.189379
0.187473
0.188862
0.189971
0.203942
0.187034
0.194242
0.190077
0.190295
0.189425
0.189591
0.190880
0.189487
0.190767
0.191136
0.187864
0.200538
0.190452
0.189768
0.188009
0.188447
0.190354
0.189839
0.187230
0.188692
0.189716
0.186547
0.188014
0.190608
0.192946
0.188537
0.190614
0.189195
0.187623
0.188482
0.190096
0.189372
0.187415
0.188500
0.189597
0.187427
0.201896
0.191161
0.188840
0.188529
0.189921
0.192495
0.186896
0.188395
0.190096
0.190458
0.200722
0.188757
0.195207
0.190430
0.187088
0.190761
0.185804
0.187024
0.190059
0.189544
0.187019
0.189156
0.190012
0.189672
0.192432
0.188191
0.189202
0.189721
0.186601
0.188338
0.187669
0.188189
0.189554
0.190042
0.189147
0.189563
0.189909
0.196304
0.187855
0.189219
0.190782
0.191304
0.189180
0.188769
0.189945
0.187720
0.188252
0.190286
0.186465
0.194455
0.190509
0.189865
0.186385
0.188795
0.190295
0.190111
0.186967
0.188924
0.189633
0.187350
