0.175042
0.083426
0.078456
0.081831
0.080817
0.082335
0.081653
0.082053
0.080920
0.082710
0.081564
0.081509
0.082024
0.082803
0.082737
0.082017
0.081442
0.079651
0.082451
0.082709
0.082199
0.081763
0.082831
0.080977
0.080548
0.082954
0.080423
0.081840
0.080757
0.082499
0.082803
0.082791
0.082152
0.081242
0.082770
0.082023
0.080253
0.079356
0.081758
0.082767
0.081181
0.080440
0.080950
0.083008
0.080920
0.081666
0.082631
0.083325
0.082233
0.080815
0.083095
0.080722
0.081376
0.081133
0.081000
0.084070
0.081984
0.080566
0.081114
0.080774
0.079854
0.082967
0.079941
0.082355
0.079978
0.081219
0.083233
0.081915
0.081259
0.082321
0.081699
0.082347
0.081230
0.082412
0.082437
0.082266
0.081056
0.081558
0.083247
0.082106
0.080842
0.080526
0.081055
0.082305
0.080684
0.082520
0.081780
0.080379
0.082386
0.080546
0.081732
0.082451
0.080465
0.082387
0.080489
0.081633
0.082822
0.081495
0.082132
0.083186
0.080868
0.081604
0.081936
0.080899
0.081174
0.081843
0.081746
0.082495
0.082594
0.081785
0.082883
0.081565
0.079968
0.081074
0.081368
0.081719
0.079107
0.081151
0.081220
0.080357
0.080229
0.081673
0.081245
0.082511
0.082533
0.081297
0.081597
0.082044
0.080790
0.079933
0.081016
0.081153
0.079717
0.081684
0.080729
0.082629
0.083157
0.080708
0.081959
0.082300
0.078856
0.081566
0.081147
0.082608
0.080386
0.081334
0.081592
0.081228
0.079443
0.080584
0.082001
0.081590
0.079505
0.081933
0.082959
0.083598
0.081296
0.080386
0.082306
0.080846
0.080368
0.082273
0.080111
0.081404
0.081313
0.082584
0.083215
0.080407
0.081838
0.079966
0.083470
0.081910
0.080890
0.081004
0.081584
0.079753
0.081062
0.079738
0.083395
0.082104
0.080422
0.082325
0.079243
0.081741
0.082521
0.082457
0.082196
0.080938
0.081338
0.083093
0.080178
0.082313
0.082432
0.083726
0.081032
0.082282
0.081846
0.080407
0.080854
0.082437
0.082102
0.079130
0.081875
0.081081
0.081312
0.085037
0.081206
0.082731
0.081166
0.084332
0.082395
0.083198
0.080218
0.083622
0.080542
0.082869
0.082384
0.079420
0.083460
0.081416
0.081781
0.082183
0.082450
0.082015
0.081857
0.082951
0.082115
0.079878
0.079046
0.080799
0.080069
0.080587
0.080315
0.082392
0.083008
0.081456
0.082351
0.081440
0.081323
0.081204
0.081444
0.081029
0.080527
0.084234
0.079778
0.082884
0.081616
0.081495
0.082751
0.081829
0.081969
0.082065
0.081295
0.081192
0.080390
0.083299
0.081162
0.079862
0.083213
0.082388
0.080700
0.081186
0.080267
0.081231
0.080272
0.082325
0.081163
0.080457
0.080528
0.082159
0.082224
0.080903
0.079111
0.081366
0.082583
0.081559
0.082141
0.079881
0.081885
0.082326
0.081065
0.082114
0.082690
0.082621
0.081080
0.083247
0.083558
0.081704
0.081251
0.079873
0.080239
0.082345
0.081874
0.081870
0.081839
0.082699
0.079597
0.081592
0.083307
0.082548
0.082537
0.082151
0.081513
0.081800
0.079610
0.083195
0.079762
0.080016
0.081078
0.082216
0.080621
0.082601
0.082940
0.083116
0.082228
0.081654
0.082067
0.079145
0.080807
0.082469
0.081921
0.083153
0.081144
0.080955
0.081054
0.083229
0.081385
0.081164
0.081366
0.080315
0.080592
0.082068
0.079907
0.080810
0.080411
0.080674
0.082171
0.081342
0.080375
0.081292
0.081580
0.082201
0.081882
0.081159
0.082510
0.081792
0.079652
0.080958
0.081815
0.082485
0.083384
0.081253
0.080309
0.081955
0.083520
0.082059
0.082135
0.079758
0.081765
0.082926
0.081748
0.080473
0.079328
0.079779
0.080370
0.082452
0.081642
0.079374
0.081565
0.080546
0.080895
0.080437
0.080838
0.080596
0.080509
0.082441
0.081429
0.079477
0.080850
0.080721
0.080225
0.082318
0.080318
0.082523
0.081855
0.081481
0.083254
0.082920
0.081281
0.081085
0.081532
0.080714
0.079102
0.081214
0.083325
0.082009
0.081433
0.081807
0.082185
0.081321
0.079652
0.081231
0.080460
0.081716
0.082283
0.081908
0.082043
0.079462
0.081432
0.079927
0.081700
0.081108
0.081389
0.080961
0.082595
0.089023
0.081547
0.080613
0.080663
0.081368
0.081644
0.082133
0.079593
0.081646
0.082193
0.081837
0.081004
0.081879
0.080964
0.081173
0.079820
0.082329
0.082806
0.083493
0.080098
0.081139
0.081942
0.081651
0.082341
0.081972
0.082134
0.081935
0.080106
0.081998
0.080045
0.082266
0.080572
0.081139
0.080136
0.081253
0.080636
0.080867
0.079632
0.081328
0.082805
0.081829
0.079643
0.082778
0.081941
0.082072
0.081762
0.081690
0.082015
0.081145
0.081454
0.079972
0.080840
0.080576
0.081048
0.081119
0.079248
0.082405
0.080695
0.080764
0.078500
0.083032
0.079564
0.082157
0.081395
0.082214
0.081190
0.083893
0.080241
0.082861
0.080195
0.080160
0.082489
0.079861
0.081752
0.080298
0.081700
0.082660
0.082305
0.080841
0.083497
0.081667
0.080587
0.081092
0.082051
0.081716
0.082577
0.080864
0.080684
0.082820
0.081706
0.082038
0.080885
0.081157
0.080779
0.081284
0.081842
0.080293
0.081284
0.082385
0.082474
0.082261
0.080974
0.080098
0.080628
0.079782
0.080404
0.081961
0.080803
0.080672
0.081236
0.082809
0.081731
0.081622
0.082192
0.081690
0.083423
0.081795
0.082325
0.081972
0.082037
0.081141
0.081628
0.082426
0.082440
0.083106
0.080149
0.080789
0.082112
0.081158
0.081000
0.081004
0.082220
0.081291
0.082921
0.081781
0.081454
0.083265
0.081960
0.079826
0.080493
0.082853
0.082199
0.081681
0.080535
0.083510
0.079677
0.081851
0.078454
0.082220
0.079748
0.081572
0.081709
0.080774
0.081294
0.081771
0.082100
0.082109
0.081261
0.082095
0.082398
0.081068
0.080400
0.080375
0.081769
0.080959
0.081880
0.081290
0.082210
0.082876
0.081645
0.083190
0.079701
0.081762
0.080814
0.082380
0.082184
0.082138
0.079731
0.082927
0.081892
0.081507
0.081170
0.082203
0.082154
0.080756
0.082272
0.082276
0.079610
0.080779
0.081405
0.082690
0.082353
0.081897
0.081316
0.081930
0.081999
0.082695
0.082889
0.082998
0.081774
0.080870
0.080359
0.082537
0.083204
0.082036
0.079204
0.080439
0.082053
0.082408
0.082504
0.080777
0.082275
0.082052
0.080254
0.081505
0.079879
0.083614
0.080344
0.081293
0.080745
0.081993
0.079982
0.082165
0.082019
0.082666
0.081164
0.081712
0.080349
0.082160
0.082249
0.080008
0.082842
0.079613
0.081523
0.081181
0.081950
0.081905
0.081231
0.080455
0.081945
0.080499
0.080040
0.080883
0.081307
0.081379
0.080652
0.083120
0.082816
0.082294
0.081465
0.082945
0.081637
0.082685
0.081842
0.080548
0.080787
0.081027
0.081856
0.080053
0.081457
0.080826
0.081460
0.081858
0.080089
0.082451
0.081045
0.082224
0.081961
0.079345
0.081209
0.079420
0.083485
0.079899
0.082004
0.081524
0.080256
0.082433
0.081110
0.081288
0.081352
0.080766
0.081156
0.082635
0.080914
0.080617
0.081839
0.080671
0.083098
0.082460
0.081510
0.081386
0.081814
0.082013
0.081570
0.082028
0.080799
0.082220
0.082940
0.081386
0.082857
0.081843
0.080035
0.082181
0.081924
0.082241
0.081017
0.081019
0.086621
0.082595
0.082112
0.078686
0.086928
0.079771
0.082529
0.082271
0.081714
0.080259
0.080424
0.082142
0.081517
0.080921
0.082077
0.081123
0.082227
0.081918
0.080687
0.081915
0.080542
0.080636
0.080579
0.079781
0.080824
0.083026
0.082672
0.081428
0.080866
0.081967
0.082648
0.082741
0.082861
0.081557
0.080974
0.082236
0.084060
0.081506
0.079895
0.080957
0.081576
0.081368
0.081871
0.081989
0.080765
0.082175
0.081701
0.081921
0.081344
0.080521
0.081577
0.082224
0.081445
0.080771
0.083115
0.081312
0.082219
0.082100
0.081994
0.082178
0.080886
0.082548
0.081887
0.083210
0.081401
0.080042
0.079990
0.081640
0.081539
0.082855
0.082656
0.081354
0.080328
0.082512
0.083410
0.082692
0.080172
0.083240
0.082662
0.082391
0.082041
0.082051
0.080875
0.083745
0.082262
0.081595
0.081673
0.081578
0.082747
0.083210
0.081302
0.081828
0.083054
0.082078
0.080445
0.083913
0.082019
0.082074
0.082135
0.083270
0.080696
0.081435
0.082060
0.080810
0.080891
0.082891
0.080944
0.084136
0.081331
0.082700
0.081000
0.081480
0.080839
0.080472
0.083358
0.081617
0.079431
0.081688
0.080544
0.081348
0.083153
0.080814
0.082377
0.083636
0.083033
0.083513
0.081196
0.081834
0.080069
0.080601
0.081142
0.082060
0.079862
0.080430
0.080861
0.081606
0.080883
0.081769
0.082378
0.083559
0.083940
0.078349
0.080810
0.081229
0.089421
0.080076
0.081725
0.081409
0.087319
0.082906
0.082673
0.080092
0.082707
0.082516
0.082060
0.082950
0.081479
0.082569
0.082466
0.081506
0.081295
0.079828
0.080786
0.082879
0.082556
0.079826
0.080390
0.082488
0.080466
0.083655
0.081535
0.081400
0.081650
0.082195
0.080529
0.083139
0.079747
0.084367
0.082422
0.081296
0.082931
0.080376
0.081089
0.080492
0.081553
0.081949
0.081500
0.080792
0.081807
0.081941
0.082096
0.081400
0.081083
0.082154
0.081608
0.081211
0.081146
0.082894
0.081560
0.082650
0.082540
0.081032
0.081328
0.081267
0.082149
0.079777
0.081684
0.082197
0.082144
0.083907
0.080763
0.080516
0.081078
0.080919
0.081161
0.081109
0.082450
0.082198
0.080177
0.082267
0.081628
0.081432
0.081896
0.081067
0.081984
0.082101
0.081093
0.082964
0.081217
0.081989
0.083548
0.081537
0.080549
0.081834
0.080310
0.082451
0.081735
0.081780
0.081443
0.080772
0.082072
0.081162
0.082088
0.084155
0.083349
0.082388
0.081545
0.081958
0.082531
0.082071
0.080173
0.080353
0.082462
0.082998
0.081591
0.083066
0.080973
0.081963
0.081889
0.082807
0.083479
0.080060
0.081916
0.080599
0.082801
0.083034
0.082315
0.082870
0.082838
0.080775
0.080685
0.078949
0.080191
0.080302
0.083523
0.083697
0.081480
0.080681
