138.567738
138.659908
139.180557
138.722142
138.670826
140.173179
138.619261
139.670758
139.080864
138.957729
138.699823
138.803262
140.409080
140.425442
1878.939046
138.487717
138.633688
138.655499
138.962402
140.047977
138.963628
138.960945
138.581301
138.808483
138.669552
139.038445
139.773597
138.422106
139.173487
138.943530
138.475526
138.482064
138.615281
140.045493
138.406319
140.191054
1830.335769
138.546135
138.974775
139.024583
138.226945
138.694030
139.057475
138.827703
138.727812
138.569483
140.102623
138.489979
138.746783
138.400706
138.742766
138.524376
138.555013
140.482300
138.742664
138.542258
138.621557
138.825962
140.211864
1145.278696
139.949671
138.966087
138.678306
138.743466
138.915992
138.618772
139.873693
138.566601
139.002028
138.864873
138.952373
140.005377
138.672657
140.104688
139.157519
138.986052
138.715110
138.930562
139.055938
138.947743
140.228299
138.496731
138.674299
138.725784
139.076217
141.243621
1255.912030
139.035047
270.720583
139.256526
138.663582
138.350734
139.141357
140.386327
138.355056
138.773627
138.606536
139.016113
138.835076
138.951644
139.862466
138.425905
139.286240
138.984038
138.584487
138.592197
138.555470
140.188227
138.525828
138.459806
140.599856
1821.610919
138.428454
140.006537
138.703381
138.175004
138.803103
138.864228
138.440957
138.205074
139.729771
138.855119
138.744751
138.770409
138.334718
138.735000
138.725614
139.703073
138.526686
138.414807
138.730563
138.939489
138.715276
140.005236
1072.105422
138.510626
138.400687
138.631107
138.696106
138.638458
138.273499
139.651099
138.422319
138.321990
138.973279
139.178852
138.594670
138.563467
140.645788
138.859317
138.581322
138.375028
138.637678
139.041537
139.600769
138.228424
138.469873
139.016333
138.796695
138.908913
140.300944
1831.156850
139.110578
138.795007
138.472195
138.524998
138.864371
138.826887
139.842605
139.123669
138.847183
138.604497
138.733254
138.984232
138.688903
139.792502
138.468706
139.071726
138.581982
138.555258
138.629421
138.819914
139.006079
139.786555
138.990085
138.567457
138.816718
138.863729
140.295668
138.776626
138.939948
139.267403
138.792511
138.771039
139.070057
139.539428
138.349713
138.824875
138.904475
138.859991
138.716707
138.424930
140.466523
138.798289
138.770885
139.076994
138.674029
138.662278
138.963270
140.301136
138.601735
138.582970
138.926967
139.097121
138.722588
138.918058
139.996577
139.601675
138.868677
139.054392
138.862523
138.980303
139.359370
140.572002
139.090990
138.943428
139.085564
138.865372
139.073599
138.941967
139.199615
139.331690
138.660073
139.031806
138.758196
138.645379
140.463738
139.024905
139.035464
138.605480
138.529566
138.611323
138.924408
139.855223
138.551446
138.748895
138.522814
138.879560
138.684710
138.745045
140.130659
139.153886
139.003472
138.464018
138.912541
139.147575
138.934277
140.174966
138.901764
139.013064
138.358547
138.646622
139.012546
139.005698
139.988107
139.119749
185.773501
138.791464
139.272939
138.830719
138.715854
139.956675
138.820710
138.975142
138.500957
138.213762
138.855856
139.261584
138.571539
138.954409
138.488481
138.556617
139.272982
138.848061
141.619631
1800.259044
138.771108
138.455314
138.451513
138.475899
138.852256
139.716583
138.603349
139.257964
138.852678
138.655396
138.755268
139.968689
140.102695
138.827249
138.769177
138.735781
138.514960
138.459024
138.592785
139.552732
138.494193
140.282183
1713.374316
138.891915
138.411201
140.375460
138.566251
138.878006
139.081078
138.769892
138.597987
138.744272
140.049888
138.529801
138.334449
138.410297
139.167441
138.805168
138.945573
140.528885
138.584190
139.073341
138.817721
139.017653
140.371688
1899.622768
139.082045
139.111871
138.828393
138.405824
138.822808
165.920864
140.140780
138.663753
138.530946
139.199883
139.540727
138.811061
138.878141
138.511646
138.799394
138.633122
138.578272
138.799144
138.962825
140.116284
139.167935
138.830592
139.046871
138.741911
139.003345
139.532586
140.415390
138.822915
139.194199
138.835267
138.706894
138.699920
138.953124
140.191542
138.577771
138.728983
138.950422
138.877964
138.880029
139.009359
140.369337
138.827605
139.874706
139.066968
138.638340
138.723720
139.212640
140.084473
138.677825
138.675277
138.767178
138.991546
138.769760
139.063435
140.579479
138.637611
139.013535
138.563958
138.454890
138.350901
139.102014
140.008431
138.702285
138.708035
138.741863
138.951382
138.747282
138.875140
138.507162
138.648595
138.972008
138.769216
138.367897
139.018279
140.318439
138.959208
138.559185
138.944289
138.620405
138.677049
139.099679
140.084994
138.446482
139.021179
138.914779
139.031332
138.609079
138.758952
140.572652
138.867111
138.637486
138.596586
138.472916
138.635999
138.488860
139.898083
138.625122
138.601888
138.632444
139.494707
138.700860
138.765597
140.344094
138.501732
138.632646
138.939266
138.914773
139.306312
213.051765
140.154830
139.203724
138.879466
138.884164
138.632552
138.977998
138.537135
140.222008
138.392113
138.676952
138.402467
138.994379
140.553225
1817.306903
138.220750
138.294321
138.808478
138.839051
138.950900
138.551188
139.918381
139.217842
138.766104
138.657716
138.421178
138.734236
138.771411
140.162517
138.585159
138.653760
138.615568
138.852586
138.854285
138.754263
140.049845
139.844236
139.578257
139.114873
138.778494
138.829134
138.884839
140.201222
138.379258
138.992093
138.869179
138.729864
138.785379
139.226060
139.857484
138.670828
138.993784
138.972238
138.989978
139.207553
138.781448
139.728138
138.501344
138.829533
138.629366
138.536651
138.838462
139.144588
140.139173
138.878661
139.053919
139.040792
139.190113
139.425994
140.498512
139.401238
138.808103
138.871508
138.895126
138.509654
138.765640
140.767402
138.896328
139.051689
139.114683
139.126276
139.231296
138.950905
139.878587
138.495161
138.396305
139.077580
138.625720
138.358549
138.498234
139.979281
138.493410
138.595872
138.894392
138.651464
138.506976
138.999431
140.229810
138.352133
138.586276
138.603310
138.969135
138.423159
140.778776
2078.864418
138.911110
138.729928
138.730326
138.809873
138.713493
138.708145
139.996538
138.441933
138.610982
139.240909
138.899802
138.760566
138.755818
138.418201
138.496412
138.759111
138.956803
139.063854
138.730511
141.087434
1846.147161
138.904160
138.634600
138.841852
138.997536
138.835540
139.950383
138.929626
138.847429
138.644135
138.760835
138.868684
138.821751
140.008314
138.701624
138.894311
138.788108
138.654782
139.514436
138.487952
140.204873
140.355420
1785.020150
138.248487
138.350553
138.877375
138.532779
139.829131
138.385318
138.811069
138.562788
138.850343
139.324275
138.944081
140.226711
186.624617
139.085099
139.042629
138.465810
138.825231
138.814515
140.152397
138.770900
138.851612
234.910606
138.652344
139.118531
139.155712
140.219548
139.346802
138.886328
138.814889
138.911139
138.913271
138.509976
138.427187
138.917500
138.988640
138.826300
138.667831
138.767921
140.228601
138.838087
138.868846
139.056712
138.621551
138.806638
138.922667
140.156751
138.624709
138.716676
138.783254
139.147319
138.984559
138.886239
139.963125
138.765077
138.947461
139.526505
138.624859
138.607788
138.944253
139.827440
138.538346
138.960174
138.818122
138.865048
138.758109
138.804966
140.356839
139.100742
139.175006
139.342111
139.032836
139.101386
139.862115
140.572015
138.701041
138.443528
139.412838
138.937285
138.841676
138.489365
138.806387
138.643088
138.649100
139.295993
138.600231
138.910399
140.628966
138.759013
138.907886
139.645436
138.512608
139.067389
138.314412
140.198954
139.038729
138.754926
138.704897
138.879710
139.044455
138.808096
140.150922
138.906012
138.844296
138.721445
138.886543
139.167787
138.637939
140.308800
138.885858
138.841586
138.744922
138.862857
138.862629
139.280211
140.069631
139.244611
138.339121
138.799642
139.110409
138.859423
138.461764
139.738664
138.943096
139.473528
138.532261
138.735114
138.480401
140.101352
138.506897
139.203506
139.022308
138.843564
138.728064
138.976610
140.430435
138.573240
138.999824
139.065630
138.558733
138.851321
138.803461
140.319809
138.465707
138.601802
138.822222
138.886927
139.259446
138.682796
139.952076
138.601545
139.036980
138.552946
138.634733
138.558227
139.121900
140.408385
140.599205
1932.436302
138.687376
138.309173
139.270296
139.760628
138.559310
138.633132
138.655061
139.068286
138.619880
138.530948
139.966545
139.253911
138.849613
138.736528
138.708249
138.814009
138.527964
140.106994
138.929424
138.852404
140.307546
1893.286882
138.639425
139.955209
138.778157
138.700775
138.887306
138.868981
139.146030
138.649677
139.940403
139.174677
138.795085
138.773017
139.104986
138.896135
138.779370
139.950715
140.175396
162.443748
138.947051
138.847602
140.751081
1904.440388
138.597829
139.084824
139.145113
138.963880
139.443575
138.525733
139.868769
138.913896
138.979285
138.875619
138.605822
138.734046
139.042040
139.808906
138.598757
138.790652
138.877009
138.925736
139.149691
139.846405
140.799708
138.782313
139.129553
138.846284
138.748673
138.536730
139.336204
140.580117
138.511112
138.560501
138.777547
138.943797
138.811769
139.264174
139.929069
138.566906
138.867504
138.857523
139.227605
138.397969
139.008091
139.978448
138.167712
138.679482
139.078262
139.011809
138.931604
139.250000
140.195183
138.602607
139.032135
138.910334
138.594989
140.643263
1878.156581
138.740657
138.586589
138.570918
138.653584
138.508706
139.072013
140.494349
138.818251
139.043049
138.909576
138.775738
139.201048
138.984309
140.390393
138.629931
138.602348
138.550786
139.083430
138.930400
138.381419
141.410924
1785.651707
138.552494
138.730854
139.335951
138.660551
140.033187
138.826067
139.030219
138.469432
138.670430
139.077378
138.723340
140.080271
138.547205
138.544621
138.961627
139.074711
139.027415
138.835777
139.837551
139.985340
139.277936
140.246127
1762.733756
138.865195
140.381344
138.456646
138.762223
138.936274
139.022385
138.831322
139.151520
140.215608
138.461257
139.087249
139.183028
139.010664
138.785984
138.616065
140.283764
138.532985
138.855800
139.119679
138.982496
138.677533
140.826997
1681.255465
138.693137
139.246255
138.876716
138.906965
139.042811
139.118170
140.350957
138.641996
139.247447
139.298402
138.889481
138.785930
139.097858
140.227497
138.915898
139.067963
139.160353
138.818815
139.005262
138.993635
140.245890
140.249270
2135.162873
138.518722
138.730964
138.551172
140.295754
138.314292
138.970849
139.069716
139.283861
138.670790
139.164140
141.198737
138.739921
138.861470
138.651343
138.907979
139.259852
138.982803
140.102641
138.745156
180.407096
139.066409
139.197458
139.182562
139.098966
140.471915
138.740015
138.516369
138.779038
138.550744
138.977701
138.988642
139.809768
138.371116
138.690809
138.931166
138.703443
138.948060
138.910901
140.331440
138.977589
138.553728
138.827932
139.067848
138.995321
139.085168
140.354975
138.896257
138.722494
138.758662
139.175323
139.108091
140.017912
140.410264
1716.284249
138.929479
138.660978
138.424692
138.752503
140.021712
138.630557
139.360234
138.798054
138.694330
139.229340
