5.261588
5.266142
5.300519
5.316407
5.279923
5.290252
5.304841
5.313153
5.308947
5.294468
5.294026
5.319311
5.301263
5.290372
5.295511
5.280132
5.282855
5.299294
5.283080
5.291902
5.280897
5.304940
5.282301
5.282095
5.288360
5.292891
5.282802
5.299928
5.300015
5.282291
5.293384
5.284063
7.219548
5.291518
5.293359
5.302313
5.298934
5.293765
5.304972
5.272003
5.309504
5.305305
5.299154
5.285013
5.280058
5.298443
5.286300
5.302398
5.291190
5.289861
5.301628
5.325223
5.290010
5.303044
5.296618
5.293490
5.298453
5.308214
5.290862
5.291007
5.302290
5.288414
5.292402
5.298470
5.283939
5.286618
5.318148
5.289638
5.292384
5.267126
5.295441
5.289712
5.308927
5.315781
5.284544
5.273203
5.291116
5.295004
5.285835
5.293709
5.314484
5.292392
5.291549
5.274397
5.301083
5.293246
5.435521
5.297438
5.293131
5.299960
5.298466
5.301596
5.435010
5.309216
5.297144
5.292331
5.275330
5.285091
5.306730
5.302435
5.307716
5.300709
5.306529
5.317797
5.299971
5.286326
5.303013
5.374602
5.314806
5.302361
5.277050
5.288329
5.300801
5.317267
5.305908
5.315211
5.296755
5.302065
5.279336
5.299259
5.283469
5.301473
5.314288
5.296992
5.287689
5.282116
5.288608
5.301642
5.300035
5.307337
5.285999
5.302418
5.281445
5.313806
5.295449
5.295813
5.292278
5.291655
5.292749
5.295423
5.277450
5.297576
5.313914
5.308004
5.314070
5.275319
5.298197
5.294229
5.268737
5.309685
5.305577
5.290760
5.291392
5.270908
5.304600
5.286579
5.282914
5.298969
5.304323
5.287867
5.314458
5.308938
5.292263
5.287992
5.293005
5.284299
5.299013
5.297526
5.306496
5.315039
5.305657
5.324855
5.313741
5.272650
5.283930
5.310562
5.300202
5.295608
5.297812
5.284167
5.273275
5.280998
5.291467
5.280043
5.296347
5.298197
5.281553
5.281664
5.286759
5.301088
5.300156
5.327242
5.325840
5.344558
5.284194
5.303936
5.305169
5.280277
5.273881
5.316675
5.273177
5.276347
5.295875
5.285102
5.275766
5.304606
5.294890
5.306298
5.276816
5.292635
5.319313
5.267679
5.273275
5.293344
5.292657
5.275955
5.283449
5.296399
5.295591
5.279859
5.303210
5.298527
5.312781
5.296829
5.289511
5.299562
5.290078
5.294668
5.288484
5.272498
5.277465
5.305088
5.299206
5.274717
5.307366
5.311737
5.287727
5.294679
5.298785
5.281824
5.287388
5.288556
5.282714
5.299939
5.305799
5.274148
5.287885
5.280424
5.278995
5.303354
5.308976
5.297471
5.284036
5.277164
5.273104
5.312390
5.319765
5.303317
5.309964
5.286048
5.278383
5.288222
5.299095
5.298522
5.265138
5.297149
5.269931
5.292365
5.300918
5.306988
5.321884
5.288107
5.282034
5.290570
5.297369
5.314294
5.307111
5.290283
5.314209
5.282710
5.296927
5.280735
5.325117
5.302164
5.295392
5.299200
5.314202
5.301710
5.304829
5.289239
5.306987
5.281628
5.288241
5.278450
5.316950
5.304679
5.310072
5.292603
5.313482
5.313259
5.295266
5.275426
5.271255
5.279310
5.305973
5.285164
5.324667
5.288975
5.288642
5.280913
5.302301
5.279598
5.291405
5.305581
5.276671
5.315660
5.296381
5.303123
5.271496
5.303083
5.328502
5.285453
5.287650
5.307551
5.281222
5.292296
5.285845
5.302155
5.323005
5.283542
5.340097
5.320232
5.301321
5.300579
5.283703
5.286564
5.275644
5.303552
5.287240
5.275487
5.314967
5.289477
5.270566
5.295512
5.268439
5.285468
5.286004
5.284849
5.278705
5.270962
5.304019
5.304594
5.317268
5.297610
5.298743
5.298601
5.318958
5.274818
5.305531
5.283238
5.298273
5.297147
5.296879
5.309065
5.288763
5.355074
5.300106
5.281390
5.283365
5.293345
5.291813
5.270324
5.287403
5.274420
5.292777
5.285411
5.299972
5.286965
5.302297
5.288200
5.303023
5.295201
5.289463
5.291223
5.285975
5.312834
5.304487
5.291842
5.300945
5.282043
5.329804
5.290475
5.276623
5.288560
5.298869
5.304169
5.275963
5.287399
5.289795
5.280227
5.292666
5.286917
5.301848
5.300904
5.307811
5.300213
5.289868
5.308501
5.288226
5.285418
5.297350
5.306532
5.303507
5.295719
5.282082
5.292856
5.294000
5.285597
5.284019
5.276602
5.293117
5.292044
5.295741
5.293101
5.296130
5.319840
5.308508
5.315629
5.284811
5.292760
5.282888
5.277187
5.293886
5.320707
5.278694
5.339819
5.298732
5.281403
5.267535
5.308491
5.291675
5.274167
5.289855
5.293513
5.296599
5.285564
5.304185
5.313176
5.292496
5.312847
5.275201
5.277524
5.282962
5.304288
5.276503
5.289264
5.300819
5.286268
5.311072
5.282652
5.304487
5.295562
5.289154
5.278139
5.287891
5.293523
5.294819
5.321083
5.281151
5.295653
5.299236
5.296247
5.303236
5.302253
5.283290
5.316950
5.283078
5.294506
5.311248
5.297733
5.285816
5.315709
5.324470
5.292432
5.304165
5.292318
5.291155
5.308548
5.309780
5.278268
5.289909
5.295744
5.278126
5.291885
5.281760
5.247709
5.288816
5.275808
5.300018
5.283492
5.308598
5.436226
5.295869
5.319800
5.280118
5.289747
5.279030
5.314765
5.297061
5.330162
5.297599
5.302543
5.283777
5.276752
5.331340
5.311621
5.339081
5.288182
5.276442
5.283702
5.301465
5.305359
5.299809
5.317714
5.330593
5.277619
5.293297
5.305984
5.358342
5.281606
5.302991
5.305005
5.288567
5.286943
5.305631
5.310619
5.297567
5.294450
5.279909
5.304210
5.293169
5.285485
5.305722
5.297658
5.287267
5.287418
5.288413
5.313037
5.316729
5.293087
5.277783
5.327998
5.274512
5.300906
5.307291
5.326283
5.322387
5.278867
5.287373
5.275864
5.289994
5.289165
5.296302
5.318033
5.296653
5.301342
5.299315
5.307183
5.278367
5.312367
5.328987
5.289295
7.301409
5.303433
5.288341
5.260716
5.292278
5.308308
5.298276
5.320449
5.280064
5.319575
5.347901
5.294430
5.303332
5.294784
5.283515
5.300396
5.303959
5.301779
5.300432
5.315239
5.302012
5.287304
5.282943
5.325060
5.283915
5.299266
5.289655
5.292834
5.293124
5.291252
5.307837
5.293147
5.300779
5.310832
5.285496
5.290866
5.290117
5.302395
5.299581
5.297798
5.293881
5.276884
5.307083
5.265172
5.270930
5.286794
5.308219
5.299243
5.301817
5.295192
5.275335
5.286911
5.301051
5.287989
5.288015
5.281715
5.276300
5.299063
5.282269
5.290246
5.303479
5.333840
5.310376
5.302403
5.301641
5.321429
5.291072
5.304408
5.323496
5.292072
5.294288
5.268915
5.295996
5.300597
5.292590
5.307683
5.277044
5.301215
5.290601
5.287202
5.329076
5.285445
5.283882
5.294446
5.301313
5.285824
5.298862
5.276643
5.294055
5.300281
5.304851
5.290300
5.290446
5.284164
5.306967
5.285875
5.302243
5.311214
5.296896
5.280203
5.291368
5.296461
5.286607
5.288481
5.298402
5.280065
5.294518
5.279750
5.297704
5.303893
5.300047
5.291858
5.289239
5.312636
5.298086
5.296030
5.286561
5.280544
5.324114
5.305938
5.284519
5.278861
5.295260
5.300570
5.299417
5.294555
5.277253
5.280315
5.290158
5.301157
5.275741
5.283628
5.336122
5.310760
5.292867
5.291713
5.316643
5.310527
5.281778
5.274726
5.293123
5.285417
5.284014
5.301826
5.288356
5.294254
5.325065
5.275577
5.284128
5.290546
5.304948
5.302783
5.296959
5.304151
5.311914
5.278816
5.280030
5.312506
5.283662
5.287690
5.292785
5.314198
5.269480
5.286466
5.311100
5.320709
5.272950
5.315823
5.288413
5.294955
5.316897
5.285135
5.305046
5.294864
5.297341
5.303302
5.290228
5.295302
5.309670
5.297896
5.286116
7.323580
5.294514
5.297816
5.279755
5.304655
5.313318
5.290490
5.286350
5.278826
5.308895
5.310060
5.314924
5.330452
5.293961
5.280010
5.275685
5.294041
5.287430
5.302883
5.280564
5.279117
5.295271
5.293772
5.295736
5.314055
5.297093
5.291555
5.286419
5.301411
5.277442
5.296540
5.286624
5.293821
5.291608
5.280229
5.288903
5.297303
5.320371
5.279055
5.300194
5.285789
5.286591
5.297681
5.282288
5.292811
5.282582
5.288201
5.279867
5.288955
5.278557
5.305067
5.281733
5.282764
5.307139
5.293017
5.292071
5.295033
5.295697
5.293351
5.297562
5.297882
5.314877
5.275791
5.271125
5.306514
5.277571
5.278169
5.431775
5.304774
5.315965
5.275987
5.291998
5.304251
5.297184
5.277201
5.290896
5.301206
5.280543
5.278643
5.295411
5.273822
5.269690
5.310195
5.313333
5.306455
5.296365
5.294883
5.294007
5.282688
7.331212
5.279743
5.289444
5.288949
5.284380
5.270571
5.273597
5.320436
5.290675
5.276121
5.276050
5.297935
5.289715
5.282914
5.283882
5.290352
5.280111
5.281727
5.285020
5.300687
5.285679
5.281516
5.315125
5.296058
5.291454
5.289326
5.281227
5.285609
5.309234
5.332546
5.303473
5.311271
5.286077
5.289893
5.296938
5.321624
5.313555
5.308860
5.276420
5.286151
5.294440
5.293394
5.303984
5.304859
5.285239
5.304063
5.285495
5.292863
5.288669
5.320163
5.274643
5.283317
5.292043
5.287244
5.286825
5.286252
5.301141
5.305822
5.285393
5.299546
5.318274
5.314972
5.279219
5.305643
5.290787
5.285624
5.284732
5.284838
5.276127
5.326845
5.291313
5.300185
5.282562
5.281514
5.301564
5.309041
5.289135
5.284106
5.308435
5.286597
5.286487
5.289745
5.300304
5.285617
5.289512
5.297574
5.280031
5.285161
5.292983
7.339956
5.320405
5.308634
5.312008
5.291804
5.285596
5.324114
5.290313
5.287170
5.282490
5.290940
5.302550
5.271612
5.273458
5.326569
5.280733
5.295360
5.292412
5.269815
5.289025
5.301765
5.290850
5.276976
5.300245
5.302018
5.296565
5.297673
5.316550
5.307382
5.303635
5.302597
5.302264
5.281112
5.304166
5.311170
5.306044
5.278927
5.288294
5.316403
5.290029
5.282376
5.310491
5.304766
5.279197
5.294170
5.296649
5.276963
5.276871
5.286561
5.320879
5.285907
5.272403
5.304080
5.291323
5.311671
5.302176
5.285135
5.295366
5.330986
5.294408
5.293937
5.274784
5.293377
5.280828
5.276458
5.275853
5.288366
5.333341
5.272454
