1.291459
1.261228
1.251325
1.251610
1.258000
1.256385
1.269389
1.259548
1.251429
1.260975
1.258452
1.253283
1.252050
1.265442
1.269443
1.258182
1.255959
1.259179
1.252674
1.270918
1.279279
1.260794
1.264865
1.259831
1.257862
1.268600
1.281893
1.256513
1.262623
1.263496
1.262756
1.264140
1.259002
1.246708
1.248379
1.247696
1.249742
1.243845
1.259004
1.259728
1.241925
1.244735
1.261269
1.253210
1.261343
1.245045
1.248791
1.246013
1.243574
1.262282
1.249713
1.248805
1.261218
1.268122
1.250077
1.248959
1.252303
1.253358
1.252335
1.267463
1.252910
1.252357
1.249425
1.251720
1.263015
1.269957
1.250079
1.250107
1.255245
1.250658
1.270946
1.266779
1.249755
1.255058
1.256335
1.252060
1.274804
1.256883
1.262390
1.257086
1.256761
1.257282
1.268405
1.267073
1.257498
1.258556
1.255616
1.256358
1.398348
1.263036
1.257102
1.254827
1.259557
1.266307
1.268802
1.270690
1.258096
1.255917
1.260869
1.259855
1.269521
1.270623
1.260210
1.259912
1.257572
1.256787
1.280229
1.271735
1.247479
1.253777
1.248661
1.248924
1.247233
1.263923
1.256914
1.241679
1.249399
1.247350
1.248883
1.265495
1.252871
1.245551
1.244427
1.248375
1.250250
1.255121
1.267452
1.253247
1.253109
1.247868
1.255250
1.262267
1.253180
1.250241
1.252001
1.251492
1.248205
1.252848
1.269900
1.264011
1.251365
1.256886
1.252790
1.258314
1.264587
1.266602
1.249064
1.251278
1.252530
1.254112
1.264960
1.271225
1.253598
1.254252
1.251033
1.253060
1.259042
1.268335
1.262590
1.269871
1.253547
1.254868
1.263801
1.271111
1.252506
1.255806
1.257918
1.258253
1.255480
1.259038
1.270724
1.298163
1.259454
1.261460
1.256231
1.254038
1.279048
1.282224
1.257389
1.256733
1.260330
1.261565
1.262145
1.278001
1.273177
1.250437
1.244505
1.245093
1.249668
1.251163
1.263633
1.246998
1.244264
1.253098
1.250381
1.252077
1.258166
1.244548
1.248510
1.248702
1.248246
1.251478
1.253366
1.260014
1.252021
1.249181
1.248288
1.248156
1.260007
1.256427
1.257114
1.251073
1.253577
1.250105
1.263833
1.263014
1.252007
1.252066
1.257527
1.247135
1.262761
1.268679
1.253962
1.254978
1.249445
1.249384
1.266541
1.264571
1.266656
1.254442
1.256134
1.251182
1.255047
1.263483
1.266756
1.252048
1.258463
1.258224
1.254731
1.262075
1.269277
1.256512
1.252925
1.261189
1.259486
1.274143
1.268744
1.262891
1.258833
1.256289
1.261358
1.256127
1.269471
1.276956
1.261204
1.262196
1.258080
1.261175
1.267307
1.269276
1.268819
1.262930
1.252127
1.242850
1.260679
1.293370
1.245294
1.245008
1.248277
1.246283
1.251375
1.260591
1.249393
1.249579
1.247153
1.254850
1.260291
1.260161
1.252589
1.256880
1.245571
1.248450
1.253884
1.251029
1.252885
1.262017
1.252618
1.248196
1.242281
1.253325
1.253000
1.254953
1.263437
1.261590
1.252806
1.249652
1.251102
1.258786
1.260827
1.251131
1.253576
1.257100
1.252546
1.273048
1.259259
1.253978
1.255335
1.255355
1.252142
1.254222
1.286033
1.271646
1.252367
1.256935
1.258207
1.256471
1.260144
1.262189
1.259475
1.257351
1.255876
1.257187
1.269403
1.269272
1.259698
1.264734
1.255653
1.266095
1.265575
1.293581
1.256239
1.258637
1.255842
1.259281
1.265926
1.265488
1.262039
1.264218
1.259337
1.253065
1.251386
1.257682
1.251159
1.254876
1.240025
1.243778
1.247736
1.252444
1.257133
1.244786
1.246990
1.248000
1.244022
1.265280
1.255551
1.245935
1.255081
1.252079
1.246351
1.256188
1.268380
1.251930
1.245777
1.246605
1.249888
1.261180
1.264420
1.253837
1.250362
1.248352
1.255410
1.254544
1.256628
1.266874
1.257180
1.252698
1.247980
1.262692
1.273053
1.257529
1.250944
1.255239
1.257800
1.255104
1.259852
1.269289
1.254203
1.250274
1.256697
1.255031
1.251879
1.259917
1.259991
1.257450
1.265543
1.255448
1.264538
1.267962
1.255740
1.261260
1.254794
1.254814
1.261498
1.259436
1.261591
1.260460
1.261736
1.262109
1.256488
1.259496
1.266900
1.267366
1.279492
1.263385
1.261748
1.256889
1.250538
1.251551
1.255110
1.245160
1.250189
1.249488
1.256265
1.262180
1.244421
1.249352
1.247959
1.259089
1.266172
1.266094
1.247461
1.247107
1.245946
1.246064
1.264531
1.258891
1.241966
1.251311
1.252079
1.252392
1.254445
1.264962
1.250555
1.250296
1.258223
1.251946
1.248163
1.255610
1.265375
1.251031
1.249380
1.249178
1.252375
1.271553
1.267315
1.255015
1.255688
1.254477
1.252318
1.259842
1.266725
1.253479
1.255924
1.258097
1.248847
1.266835
1.274074
1.257058
1.251797
1.259490
1.263613
1.258732
1.265302
1.273786
1.261223
1.253074
1.260987
1.266091
1.268678
1.261377
1.255107
1.258066
1.256642
1.254217
1.273752
1.271785
1.258979
1.261144
1.256909
1.257133
1.280276
1.264538
1.256373
1.248423
1.256469
1.244947
1.248186
1.260136
1.248085
1.246050
1.242456
1.247272
1.251406
1.252686
1.257410
1.253775
1.247879
1.244616
1.251112
1.263529
1.247003
1.256056
1.441213
55.350509
1.278521
1.248403
1.245683
1.260712
1.256016
1.252543
1.254936
1.247224
1.250090
1.254673
1.249179
1.243018
1.248006
1.265889
1.244632
1.261238
1.292523
1.246474
1.249990
1.251357
1.254718
1.254018
1.264918
1.252547
1.248104
1.249368
1.253221
1.279023
1.266616
1.250157
1.261601
1.252602
1.251581
1.258381
1.259869
1.252740
1.254690
1.258813
1.251418
1.253245
1.262401
1.258874
1.251977
1.253581
1.255223
1.257713
1.260655
1.276834
1.256946
1.255369
1.252429
1.260257
1.274178
1.260802
1.264049
1.256922
1.253872
1.253066
1.275183
1.268516
1.254682
1.257325
1.259301
1.266826
1.258464
1.262990
1.272324
1.251755
1.263262
1.262524
1.257663
1.266255
1.275834
1.262889
1.247715
1.246944
1.247036
1.252818
1.255784
1.249009
1.256722
1.240437
1.248823
1.264164
1.265600
1.246807
1.245564
1.247913
1.245893
1.246697
1.277318
1.258089
1.245279
1.248488
1.249543
1.245570
1.267654
1.262374
1.245924
1.246720
1.256449
1.251957
1.259589
1.263840
1.256602
1.250509
1.247884
1.250119
1.252737
1.257806
1.254181
1.260659
1.251557
1.245429
1.268229
1.270236
1.250246
1.254239
1.254148
1.252666
1.267292
1.311827
15.164097
1.262567
1.257090
1.257848
1.253643
1.252792
1.260070
1.255871
1.275884
1.267193
1.258088
1.256930
1.250825
1.258159
1.264683
1.255901
1.256490
1.259836
1.256994
1.255968
1.265522
1.276426
1.255471
1.256712
1.258432
1.266710
1.265987
1.271439
1.260274
1.244991
1.246734
1.254318
1.252756
1.262700
1.252700
1.253949
1.247226
1.248545
1.258836
1.262729
1.247663
1.249780
1.259433
1.252894
1.246716
1.259050
1.272363
1.252112
1.254824
1.258266
1.252991
1.263088
1.267863
1.253598
1.251247
1.251812
1.256740
1.261166
1.301497
1.258082
1.254680
1.256444
1.255620
1.267102
1.266431
1.251781
1.258279
1.259593
1.255003
1.254151
1.276929
1.262255
1.256251
1.256976
1.258981
1.269724
1.266589
1.271586
1.255466
1.252927
1.259484
1.263853
1.274042
1.264607
1.262704
1.260795
1.258901
1.257728
1.275351
1.264967
1.258102
1.263878
1.269221
1.262818
1.268153
1.276127
1.259933
1.248429
1.248703
1.248030
1.241460
1.252738
1.264618
1.245970
1.243895
1.245427
1.268454
1.259856
1.245763
1.258679
1.248799
1.246541
1.250894
1.255833
1.253181
1.250414
1.249774
1.251338
1.246286
1.251997
1.259215
1.247454
1.250299
1.256414
1.249602
1.269625
1.268172
1.253233
1.251044
1.254022
1.252697
1.259350
1.247456
1.253882
1.254936
1.252919
1.251395
1.271540
1.258403
1.251073
1.252765
1.257724
1.260631
1.258155
1.267448
1.255783
1.248792
1.254143
1.254817
1.273616
1.259455
1.256015
1.260553
1.258105
1.259779
1.268438
1.262107
1.254569
1.260547
1.265471
1.255303
1.263035
1.264310
1.254589
1.252361
1.254665
1.258073
1.256620
1.271307
1.278874
1.260371
1.256855
1.258099
1.262831
1.259592
1.266331
1.250085
1.248288
1.247122
1.252118
1.265484
1.262473
1.244075
1.246923
1.248055
1.246501
1.255888
1.266632
1.257279
1.245885
1.249850
1.246924
1.255365
1.253246
1.262751
1.249831
1.248100
1.247679
1.253002
1.252736
1.266428
1.255102
1.250479
1.251144
1.251830
1.252720
1.254803
1.260900
1.252034
1.258025
1.252311
1.252408
1.267293
1.267244
1.255352
1.254199
1.249877
1.253896
1.267421
1.267597
1.250654
1.254909
1.260534
1.270121
1.266217
1.253114
1.262766
1.258624
1.250748
1.259891
1.273263
1.257447
1.261806
1.254892
1.253378
1.256201
1.277534
1.271213
1.256095
1.257646
1.260621
1.258096
1.270474
1.273365
1.260935
1.258311
1.261233
1.260663
1.265574
1.272130
1.262596
1.249868
1.243872
1.245441
1.247060
1.255249
1.260740
1.247438
1.247941
1.254418
1.247681
1.263828
1.258253
1.244224
1.251122
1.247786
1.245997
1.261694
1.264417
1.247348
1.248393
1.248935
1.253029
1.250783
1.256833
1.264711
1.263424
1.250543
1.256013
1.250518
1.255770
1.264259
1.254835
1.250344
1.249108
1.248649
1.270591
1.257280
1.250990
1.257050
1.255530
1.251857
1.279787
1.268259
1.251294
1.252532
1.256384
1.252789
1.252468
1.264212
1.257462
1.259481
1.255623
1.255130
1.255836
1.260144
1.268888
1.258955
1.266912
1.262800
1.257727
1.261334
1.267935
1.257825
1.264838
1.262074
1.255241
1.280061
1.267963
1.257041
1.259884
1.264347
1.258864
1.263004
1.277820
1.262128
1.272086
1.261519
1.255492
1.245406
1.260044
1.263092
1.246418
1.246936
1.242098
1.246145
1.276395
1.250926
1.249768
1.251951
1.244619
1.261150
1.264347
1.260026
1.244202
1.248443
1.252448
1.250193
1.259621
1.252507
1.246630
1.249298
1.252302
1.253178
1.259694
1.262799
1.251084
1.252862
1.246278
1.258699
1.265529
1.259859
1.253064
1.252199
