14.751814
0.064668
0.063572
0.065745
0.064415
0.064206
0.062166
0.059539
0.060995
0.063611
0.066554
0.063574
0.059245
0.060624
0.062191
0.063296
0.065656
0.061756
0.061369
0.060377
0.062085
0.069875
0.065828
0.065405
0.063243
0.063528
0.065326
0.065009
0.063527
0.063324
0.065320
0.065315
0.063667
0.063338
0.072954
0.063624
0.064146
0.067485
0.063448
0.065026
0.066631
0.066221
0.063561
0.065036
0.066982
0.065874
0.063687
0.064915
0.066453
0.063484
0.064061
0.066924
0.063641
0.064661
0.066578
0.066242
0.064253
0.064378
0.066209
0.065969
0.063560
0.064944
0.065979
0.066272
0.063405
0.066378
0.064085
0.063579
0.067281
0.065992
0.063711
0.064764
0.066447
0.065986
0.063558
0.065148
0.066534
0.100492
0.063556
0.064561
0.066887
0.063157
0.066572
0.066882
0.064086
0.064774
0.066648
0.065796
0.064001
0.064797
0.066366
0.065796
0.063470
0.070131
0.066126
0.063506
0.064444
0.066922
0.063847
0.064526
0.066705
0.065939
0.069395
0.064749
0.066819
0.066251
0.063165
0.064744
0.066243
0.063937
0.064145
0.066665
0.064136
0.064749
0.066258
0.065764
0.063902
0.064923
0.066406
0.066136
0.063545
0.064580
0.066694
0.065596
0.063375
0.064963
0.064266
0.063603
0.067772
0.066199
0.063964
0.064770
0.066420
0.065857
0.063496
0.070767
0.066603
0.066003
0.063440
0.064870
0.066838
0.064323
0.066427
0.066409
0.063609
0.064919
0.066655
0.065632
0.063541
0.064693
0.067748
0.066045
0.063786
0.064528
0.066436
0.063360
0.064180
0.067090
0.063507
0.064899
0.066587
0.065888
0.063897
0.064241
0.066381
0.065680
0.063848
0.064836
0.066518
0.063656
0.064232
0.067244
0.063467
0.065059
0.066777
0.065783
0.063518
0.065006
0.066383
0.065942
0.063902
0.065112
0.066872
0.065926
0.063966
0.065346
0.064296
0.063466
0.067182
0.065982
0.064060
0.064983
0.066156
0.065981
0.063920
0.064786
0.066465
0.065973
0.063321
0.064556
0.081256
0.063663
0.064136
0.067141
0.064149
0.072557
0.066797
0.065809
0.063718
0.065322
0.066155
0.065506
0.063569
0.065148
0.066685
0.063864
0.064244
0.067570
0.063786
0.064821
0.066254
0.065573
0.063683
0.065675
0.066563
0.065920
0.063637
0.064991
0.065974
0.063577
0.064606
0.067241
0.063622
0.064815
0.066893
0.066640
0.063934
0.065359
0.066947
0.066368
0.063975
0.064524
0.066609
0.065348
0.063743
0.064834
0.063757
0.064478
0.066009
0.066643
0.063788
0.064979
0.066982
0.066415
0.063531
0.064742
0.066520
0.066193
0.063991
0.064593
0.066357
0.063617
0.064459
0.067010
0.063917
0.064661
0.066500
0.065675
0.063938
0.065095
0.066223
0.065745
0.063768
0.065111
0.066591
0.063384
0.064425
0.067374
0.063727
0.064388
0.066744
0.065811
0.063320
0.064628
0.066557
0.065745
0.063487
0.064982
0.066842
0.066080
0.063642
0.066716
0.063619
0.064011
0.067960
0.066250
0.063323
0.064473
0.066417
0.065473
0.063288
0.065510
0.066726
0.066004
0.063562
0.065074
0.064055
0.064643
0.066456
0.066987
0.063726
0.064778
0.066849
0.066190
0.063475
0.064849
0.066412
0.065945
0.063515
0.064648
0.066334
0.064248
0.064746
0.066955
0.063905
0.064536
0.066671
0.066350
0.063471
0.064923
0.066908
0.065620
0.063876
0.064643
0.066930
0.063924
0.064278
0.067281
0.064011
0.064674
0.066625
0.065955
0.063968
0.064830
0.066442
0.065981
0.063750
0.065064
0.066326
0.065756
0.063659
0.066766
0.064041
0.063472
0.068207
0.066191
0.063471
0.065136
0.066519
0.065782
0.063728
0.064887
0.066391
0.065968
0.063815
0.064814
0.066400
0.063912
0.066485
0.066796
0.063756
0.064586
0.066343
0.066168
0.064235
0.070221
0.067633
0.066129
0.064211
0.064705
0.066848
0.063537
0.064493
0.067143
0.063887
0.065500
0.066543
0.066043
0.064261
0.064753
0.066722
0.065618
0.069398
0.064837
0.067100
0.064060
0.064462
0.066955
0.063566
0.065528
0.066767
0.066505
0.064059
0.064853
0.066608
0.065871
0.063932
0.065149
0.065976
0.065717
0.063506
0.064536
0.064705
0.063759
0.067481
0.065694
0.063947
0.064669
0.066576
0.066208
0.063888
0.064834
0.066373
0.065801
0.063309
0.064641
0.066366
0.063614
0.066247
0.066872
0.063786
0.064661
0.066832
0.065975
0.063871
0.064678
0.066695
0.066096
0.063566
0.064650
0.067184
0.063877
0.064224
0.066958
0.063777
0.070302
0.067192
0.066649
0.063887
0.064667
0.066135
0.066210
0.063498
0.064661
0.066454
0.063394
0.064467
0.066985
0.063809
0.064524
0.066701
0.066208
0.064140
0.064568
0.066732
0.065918
0.064058
0.064967
0.066165
0.065858
0.063634
0.064789
0.064172
0.064719
0.066365
0.065728
0.063881
0.064952
0.066229
0.065564
0.063536
0.065396
0.066386
0.065626
0.063468
0.065150
0.066472
0.063765
0.063992
0.067373
0.064099
0.064537
0.066825
0.065938
0.063793
0.064738
0.066467
0.066409
0.063632
0.064702
0.066524
0.063763
0.064137
0.066817
0.064201
0.064495
0.072503
0.065966
0.063588
0.065111
0.066617
0.066124
0.063677
0.065567
0.066757
0.065678
0.063449
0.067036
0.063776
0.064174
0.067473
0.066152
0.064172
0.064522
0.066926
0.066715
0.064436
0.064806
0.066901
0.066078
0.063806
0.064604
0.064395
0.064337
0.066335
0.066655
0.064327
0.064956
0.066204
0.066725
0.063775
0.064258
0.066494
0.065874
0.064209
0.064940
0.072336
0.064550
0.064361
0.067052
0.063525
0.064978
0.066245
0.065841
0.063831
0.064601
0.066345
0.066029
0.063720
0.064691
0.067048
0.063844
0.064238
0.067383
0.063222
0.064594
0.066537
0.066648
0.063608
0.064623
0.066399
0.065828
0.063779
0.064870
0.066607
0.065992
0.063719
0.066883
0.063321
0.063805
0.067666
0.066110
0.063828
0.064663
0.066437
0.066130
0.063393
0.064549
0.066949
0.066015
0.063338
0.064667
0.066054
0.063809
0.066521
0.066694
0.063744
0.064851
0.066211
0.066250
0.063940
0.064960
0.066346
0.065596
0.063709
0.064803
0.066510
0.063821
0.064611
0.066979
0.063385
0.064911
0.066917
0.066371
0.063625
0.064775
0.066753
0.066265
0.063479
0.064609
0.066377
0.063924
0.064489
0.067217
0.063783
0.065236
0.073042
0.065958
0.063492
0.065009
0.066889
0.066127
0.063588
0.064587
0.066592
0.065481
0.064521
0.065909
0.064102
0.108709
18.527432
0.066588
0.063519
0.064631
0.066325
0.065962
0.063271
0.064653
0.066272
0.071376
0.063631
0.064660
0.066179
0.063523
0.066404
0.066266
0.063695
0.064681
0.066411
0.066097
0.063584
0.064939
2.005705
0.065549
0.063279
0.064566
0.066896
0.065269
0.064335
0.066790
0.063714
0.064584
0.066897
0.066215
0.063436
0.064655
0.065875
0.065374
0.064269
0.064278
0.066256
0.063794
0.063909
0.066993
0.063706
0.064889
0.066663
0.065780
0.063738
0.064762
0.066567
0.066109
0.065121
0.064698
0.067304
0.065769
0.063318
0.064890
0.064004
0.063525
0.067448
0.066188
0.063526
0.070144
0.066494
0.065894
0.063724
0.064712
0.065915
0.066238
0.063624
0.064626
0.066501
0.063918
0.064147
0.066976
0.067995
0.065692
0.066319
0.066354
0.063951
0.064523
0.067166
0.065928
0.063532
0.065183
0.066703
0.063951
0.064121
0.067298
0.063217
0.065018
0.066419
0.066146
0.063367
0.065015
0.066189
0.065941
0.078457
0.064776
0.066848
0.063471
0.064149
0.067182
0.063764
0.064710
0.066146
0.065927
0.063614
0.064756
0.066198
0.065756
0.063702
0.064543
0.066405
0.065626
0.063647
0.064317
0.064238
0.063845
0.066720
0.066501
0.063365
0.064607
0.066525
0.065689
0.063771
0.064574
0.066689
0.065889
0.063580
0.065145
0.066765
0.069398
0.064075
0.066929
0.063718
0.065280
0.066471
0.066040
0.064372
0.065003
0.066722
0.065333
0.064031
0.064847
0.066753
0.063517
0.063975
0.067236
0.063684
0.064652
0.066671
0.065729
0.063581
0.064777
0.066209
0.066003
0.063828
0.065054
0.066424
0.066151
0.063572
0.066669
0.064122
0.063838
0.067538
0.065835
0.064460
0.065242
0.065959
0.065753
0.063397
0.064845
0.066487
0.069891
0.063294
0.070530
0.064467
0.064039
0.066305
0.066528
0.063283
0.064741
0.066321
0.066818
0.063830
0.064746
0.066129
0.065756
0.063506
0.065183
0.066618
0.064120
0.064338
0.067188
0.063625
0.064856
0.066828
0.066018
0.064014
0.064987
0.066476
0.071464
0.063672
0.064695
0.066549
0.063938
0.063863
0.067525
0.063585
0.064678
0.066715
0.066384
0.063717
0.064719
0.066285
0.065603
0.063432
0.064432
0.066798
0.065877
0.063834
0.066849
0.063131
0.063331
0.072812
0.066571
0.063765
0.064774
0.066422
0.065839
0.063862
0.064621
0.066190
0.065872
0.063776
0.064608
0.066073
0.063551
0.066573
0.066407
0.064087
0.064826
0.066465
0.066049
0.063775
0.067921
0.067236
0.066216
0.063230
0.064730
0.066140
0.063720
0.064018
0.067325
0.064001
0.064691
0.066405
0.066322
0.063678
0.064318
0.066127
0.066027
0.063507
0.064717
0.066544
0.063762
0.064204
0.066860
0.063914
0.064830
0.071010
0.066104
0.063827
0.064464
0.066952
0.065894
0.063566
0.064880
0.066725
0.065545
0.063378
0.065380
0.064242
0.063301
0.067237
0.066429
0.063388
0.064841
0.066881
0.065499
0.063540
0.064985
0.066261
0.065985
0.063863
0.064775
0.066644
0.063735
0.066562
0.067350
0.063805
0.064990
0.066725
0.066311
0.064049
0.065612
0.066890
0.065788
0.063704
0.064639
0.066290
0.064019
0.063884
0.066831
0.063865
0.064932
0.066552
0.065973
0.063746
0.065427
0.071342
0.066044
0.063177
0.065095
0.066376
0.063461
0.064508
0.067218
0.063634
0.064938
0.066341
0.066336
0.064376
0.064547
0.066296
0.066017
0.064125
0.065059
0.066722
0.065602
0.063833
0.064844
0.064097
0.064453
0.067871
0.066329
0.063604
0.064870
0.066545
0.065768
0.063620
0.065200
0.066524
0.065385
0.063667
0.064462
0.066387
0.063356
