51.900728
51.871619
51.889351
51.825572
51.994906
54.474430
51.704026
51.893222
52.043271
51.925328
51.803741
51.818284
51.807878
51.882819
51.797152
51.951316
52.087389
51.944241
51.845346
51.830825
51.789483
51.874862
51.837541
51.876246
52.233431
51.846798
51.943440
52.031239
51.772797
51.753582
51.907499
51.987701
52.274158
51.988588
51.837624
51.952387
51.876532
51.929441
51.819857
51.992549
54.537111
51.919318
51.919996
51.859417
51.882833
51.804413
51.805503
51.875533
54.504788
51.955884
51.842564
51.985435
51.912452
51.932360
51.810038
51.869842
51.886862
51.804119
51.884335
52.041744
51.823481
51.824368
51.880277
51.874666
51.797437
51.821882
51.788431
52.059977
51.825998
51.953742
51.804181
51.832817
51.852001
51.825593
51.931039
52.159344
51.827935
51.842975
51.830062
51.863340
51.917461
51.853357
51.736254
52.382462
51.867084
51.924903
51.762757
51.884405
51.836179
51.980223
51.931273
54.363251
51.821137
51.709211
51.949904
51.834172
51.980576
51.931127
51.936675
54.462526
51.757067
51.947707
51.882432
51.785504
51.886769
51.850775
51.909817
51.858013
51.862203
51.975946
52.076073
51.795013
51.991993
51.841275
51.928536
51.902522
51.795700
51.759336
52.127267
51.920394
51.900767
51.752497
51.891241
51.963998
51.815028
51.841308
52.363858
51.719358
51.818585
51.880592
52.011373
51.859032
51.768202
51.873252
52.269226
51.913678
51.954292
51.933730
51.860229
51.942371
51.850482
51.960489
54.608696
51.863681
51.675978
51.966817
51.872009
51.955287
51.815290
51.685267
54.579139
52.042296
51.910244
51.980202
51.902448
51.840759
51.854991
51.927751
54.526467
51.929289
51.862615
52.112099
51.752519
51.823344
51.904903
51.847192
51.872621
51.944644
51.855097
52.174680
51.847062
51.838184
52.027085
51.871741
51.940599
51.880307
51.876029
52.183982
51.824891
51.799062
52.045895
51.950019
51.880786
51.928092
51.783815
52.349179
51.976858
51.754408
51.844721
51.859796
51.805509
51.823111
51.830728
54.607938
51.893655
51.819459
51.998812
51.841308
51.865270
51.747217
51.974936
54.573748
51.753398
51.812168
52.032669
51.838113
51.812879
51.896132
51.937434
54.425814
51.823922
51.778632
51.912426
51.837339
51.932721
51.848445
51.829654
51.986772
51.896263
51.802723
52.096977
51.833528
51.878914
51.792140
51.839011
51.950137
51.960343
51.900794
52.175115
51.989216
51.892403
51.907975
52.016412
51.903523
51.897752
52.015351
52.230732
51.823769
51.878874
51.930390
51.841308
51.789367
51.828914
51.997538
52.381282
51.925522
51.967798
51.970738
51.882471
51.888544
51.858279
51.840462
54.729713
51.899339
51.847569
51.980151
52.072807
51.893791
51.972284
51.776580
54.520104
51.935963
51.867762
51.866087
51.928171
51.859920
51.837747
51.865771
51.971287
51.899056
51.903184
51.953885
51.899407
51.783480
51.871882
51.909282
51.888852
51.804495
51.775245
52.016389
51.979219
51.819963
52.030015
51.777868
51.918352
51.934505
51.976223
52.201243
51.860122
51.848638
51.909775
51.912796
51.908565
52.053300
51.847798
52.314397
51.827014
51.742669
52.012142
51.859181
51.982354
51.921978
51.854669
52.267232
51.820992
51.795526
52.060602
51.812374
51.866313
51.922210
51.957315
54.534298
51.914621
51.977864
52.177141
51.929380
51.996847
51.897966
51.856369
54.471500
51.881675
51.873052
52.104330
51.876899
51.847574
51.954453
51.879792
51.920552
51.897933
51.854236
52.259954
51.960133
51.944591
51.924471
51.887121
51.947059
51.980405
51.954301
52.149813
51.826280
51.816669
51.837762
51.859352
51.900911
51.771566
51.783736
52.255533
51.857660
51.822165
51.942106
51.839255
51.775808
51.921957
51.922864
52.497828
51.880444
52.054377
51.945331
51.996188
51.879378
51.814394
51.724896
54.513441
51.832479
51.920677
51.929709
51.863173
51.790226
51.715227
51.790801
54.444340
51.867195
51.883430
51.982218
51.898021
51.712003
51.796405
51.982670
54.570383
51.947930
51.842740
51.921801
51.866768
51.745206
51.864543
51.743918
51.828226
51.911100
51.922032
52.139203
51.860829
51.899132
51.889964
51.918022
51.974522
51.852873
51.948470
52.269551
51.999202
51.883531
51.823866
51.866084
51.989643
51.939558
51.812849
52.383059
51.880486
51.933538
51.803180
51.791562
51.814498
51.927107
51.938467
54.654205
51.794665
51.833923
51.887289
51.789369
51.949648
52.001021
51.871221
54.593629
51.903838
51.749450
51.983629
51.852893
51.840584
51.850083
51.858353
54.446547
51.835529
51.795270
52.171975
51.849183
51.876883
51.927184
51.945177
51.825266
51.965919
51.958042
52.246792
51.721099
51.838852
51.751632
51.915117
51.848038
51.916417
51.860910
52.163376
51.884184
51.859230
51.998321
51.910504
51.849391
51.981071
51.921980
52.401505
52.038149
51.732862
51.956832
51.890656
51.923359
51.880917
51.991188
54.565817
51.899635
51.854895
51.931731
51.834674
51.982459
51.855261
51.981384
54.620189
51.886737
51.828244
52.014493
51.972122
51.917462
51.831563
51.937950
54.791460
52.001886
52.042775
52.035032
52.012590
51.836226
51.872500
51.787802
51.889047
51.943508
51.885548
52.144293
51.915085
51.801839
51.924399
51.995654
51.990525
51.827552
51.730751
52.175912
51.773739
51.776616
51.905144
51.869319
51.780481
51.806859
51.784600
52.214117
51.862421
51.946103
51.808435
51.888784
51.770378
51.922685
51.894041
54.624237
51.875182
51.964714
51.840005
51.894284
51.780626
51.987707
51.977420
54.638488
51.880854
51.823542
51.868879
51.786382
51.970231
51.884470
51.835450
54.607823
52.021476
51.781669
52.164074
51.901907
52.034441
51.951614
51.897550
51.997302
51.894727
51.952402
52.129733
51.982907
51.864360
51.775692
51.870486
51.854954
51.781589
51.955879
52.281377
51.849086
51.896420
51.976360
51.895297
52.050283
51.913689
51.935414
52.464797
51.828650
51.817861
51.853477
51.821653
51.950575
51.903408
51.783748
54.675926
52.003550
51.924110
51.946975
51.982780
51.984601
51.956987
51.826044
54.731754
51.924342
51.853299
51.820866
51.855280
51.870811
51.906029
51.920472
54.720836
51.817930
51.974169
52.047677
51.935085
51.919836
51.977192
51.908985
51.760484
51.911256
51.826712
52.214342
51.777845
52.003562
51.992022
51.926122
51.873207
51.954036
51.916841
52.292907
51.846655
51.973493
51.911109
51.828969
51.950915
51.849376
51.951922
52.492422
51.883663
51.904674
51.967229
51.897528
51.880586
51.911879
51.794077
52.460610
51.815929
51.961503
51.984630
51.978439
51.887274
51.951450
51.972813
54.673995
51.888939
51.851073
51.864187
51.888221
52.022547
51.865029
51.930371
54.729863
51.815088
51.915102
51.870850
51.897192
51.771658
51.943819
51.866476
54.664830
51.777004
51.978023
51.962960
51.903401
51.783812
51.817649
51.857156
52.028234
51.860007
51.815662
52.103290
51.901293
52.014061
51.899274
51.900304
51.929306
51.888836
51.929572
52.225238
51.834051
51.924363
51.980899
51.767843
51.919643
51.901916
52.082790
52.293048
51.958474
52.081727
52.041718
51.839775
51.953255
51.910679
51.986071
54.756874
52.022619
51.937540
51.864907
51.880977
51.931706
51.784235
51.990058
54.611752
51.996151
51.841506
51.934126
51.830762
51.889883
51.844718
51.864409
54.673255
51.799764
51.844370
51.988522
51.994150
51.958555
51.908752
51.861680
51.845720
51.841780
51.966537
52.166421
51.856476
51.866662
51.998539
51.919778
51.849735
51.877390
51.812497
52.327984
51.869091
52.063449
51.951717
51.856563
51.894109
51.928544
51.968472
52.213516
51.842476
51.843182
51.935290
52.005512
51.880775
51.867880
51.832092
54.712265
51.913614
51.841969
51.949879
51.914314
51.972144
51.993431
51.889378
54.531582
51.799989
51.811406
52.034224
51.846149
51.906045
51.829449
51.961757
54.738027
51.847810
51.999017
51.888872
51.978869
51.819184
51.857306
52.034858
54.617658
51.980872
51.942300
51.983586
51.848315
51.874555
51.911004
51.844641
51.968811
51.928527
51.814342
52.202520
51.949690
52.002589
51.940265
52.031941
51.776023
51.821436
51.974810
52.314865
52.010145
51.955737
51.930135
51.820074
51.952565
51.762931
51.949322
52.405010
51.953461
51.991036
51.835701
51.813864
51.767412
51.913004
51.918972
54.564819
51.866894
51.810915
51.840112
51.835735
51.848624
51.823689
51.937507
54.608088
51.929247
51.981651
52.052505
51.885344
51.902999
51.893219
51.946490
54.607271
51.784855
51.890042
52.045893
51.877614
51.964361
51.965724
51.863906
51.932402
51.836445
51.986670
52.054845
52.184713
51.926557
51.742942
51.932721
51.884514
51.827138
51.854766
52.161426
51.844615
51.923887
51.949788
52.030347
52.012941
51.914664
51.789522
52.491209
51.844555
51.981478
52.044593
51.904068
51.978960
51.813775
51.926722
52.414361
51.911875
51.957671
51.812531
51.882314
51.933938
51.851918
51.817688
54.653348
51.939622
52.031706
51.994720
51.840361
51.856939
51.703429
51.940720
54.530037
51.866919
51.961065
51.958608
51.940604
51.987366
51.923006
51.861847
54.630333
51.984952
51.907873
52.168491
51.851320
51.881048
51.970718
51.991083
51.847313
51.826485
51.809233
52.140870
51.889817
51.921524
51.874470
51.808543
51.994842
51.716030
51.891338
52.163149
51.799847
51.990108
52.003916
51.890194
51.871736
51.815754
51.935441
52.243068
51.926075
51.830794
52.031401
51.886832
51.847155
51.916138
51.997078
54.627712
51.970084
51.976378
51.959572
51.837156
51.989241
51.880896
51.822656
54.575654
51.861692
51.878538
52.080326
51.958115
51.823912
52.001175
51.924695
54.545713
51.902895
51.822759
52.116125
51.894247
51.945244
51.964537
51.808860
51.748672
51.927526
51.948135
52.091471
51.871838
52.017053
51.925309
51.836718
51.915535
51.988685
51.910512
52.253838
51.858586
51.973783
51.898980
51.909339
51.797989
51.867240
51.856886
52.327794
51.812389
51.942575
51.907884
51.923983
51.887685
51.999010
51.882109
52.300939
51.839364
51.975361
51.819331
51.892467
51.999756
51.870441
51.853822
54.644804
51.995866
51.821019
51.946381
51.862356
51.961929
51.909765
51.907354
54.634999
51.874367
51.795247
51.962042
51.958521
51.970627
51.859357
51.774313
51.895458
51.911944
51.915104
51.969889
51.847359
51.813323
51.965887
51.909328
51.870865
51.903048
51.933225
52.193564
51.951000
51.986809
51.877405
51.899353
51.956538
51.853723
51.899831
52.165448
51.914267
51.884198
51.918828
51.941355
51.920312
51.870577
51.822700
52.342661
51.834824
