123.807706
1578.581659
138.423201
138.289483
139.529683
138.678166
138.375268
138.345342
138.260143
138.608969
138.559114
139.858907
138.694481
138.884408
138.120753
138.540384
138.792229
138.514446
139.951561
138.505805
138.816413
138.791036
138.765958
138.823178
140.293870
2115.939595
138.884698
138.654212
138.352244
138.675362
138.809484
139.604768
138.320084
138.138965
138.471504
138.635656
138.492599
138.555390
139.864926
138.245594
140.918654
1729.504253
138.542613
138.677950
138.648521
140.183234
138.632169
138.618755
138.929699
138.417861
138.739498
138.641120
139.637027
138.616883
138.735834
139.068136
138.724310
138.646038
138.848036
139.890641
138.470880
138.576955
138.878849
138.475922
138.511430
138.802088
138.983793
138.681115
138.745089
139.301264
139.232923
138.664283
140.651535
138.516975
138.587496
138.819784
138.206512
138.379404
138.184713
139.618262
138.432119
138.518976
138.332062
138.907570
138.375204
138.604779
140.011398
138.204992
138.874751
138.667900
138.651131
138.301165
137.915804
139.769953
138.316186
138.426071
138.590351
138.839923
138.659398
138.695475
139.368139
138.127464
138.125939
138.525839
138.570253
138.656810
138.327782
139.759794
138.632487
138.958466
138.534671
138.513815
138.153994
138.392759
139.832851
138.627638
138.556515
138.180678
138.686766
138.363854
138.628370
139.578857
138.447920
138.424206
138.137868
138.918272
138.471674
138.498317
139.754182
138.603584
138.978375
138.857414
139.044641
138.359135
138.405901
139.512668
138.877604
138.819193
138.130608
138.354976
138.798300
138.528590
139.536520
139.293134
138.791623
138.508731
138.602327
138.198945
138.206144
139.780354
138.937659
138.589728
138.513302
138.126133
138.843156
138.738950
139.523784
138.897596
138.220879
138.584733
139.183918
138.786146
138.564861
138.125467
139.083647
138.837982
138.686322
138.336095
138.398900
140.122878
138.554170
138.885182
138.381529
138.349272
138.927106
138.771933
139.918057
138.971465
138.868948
138.560861
138.324881
138.071284
138.286367
139.723111
138.526677
138.667485
138.459881
138.544959
138.856646
139.247071
139.943181
138.509100
138.855440
139.043832
138.485326
138.117180
138.552826
139.723584
139.075143
138.517878
138.659350
138.871291
138.562540
139.271144
140.141391
138.849858
139.023717
138.834751
138.829739
138.716479
139.141256
150.701762
138.744050
138.796962
138.929843
138.610970
138.470975
140.520349
138.762020
138.666429
139.024686
139.605988
138.726002
138.507756
140.318900
138.398495
138.448431
138.283988
138.258557
138.646429
138.300778
139.644993
138.233134
138.327612
138.674235
138.649685
138.513663
138.805842
139.786276
138.663872
138.452062
138.413247
138.911820
138.707537
138.154753
140.293074
138.566644
138.593993
138.713798
138.667127
138.636045
138.791469
140.246414
138.624465
137.867853
138.095527
138.531904
138.609811
138.168858
140.073012
138.582100
138.755685
138.673735
138.480349
138.505587
138.280570
140.161412
138.795276
138.567152
138.578818
138.655566
138.600706
138.243719
138.632616
138.515093
138.483061
138.614477
138.654528
138.728489
140.501152
138.543281
139.207926
138.601783
138.472833
138.348990
138.736763
140.185968
138.411763
138.657208
138.487785
138.663897
138.772239
138.414926
139.915747
138.519065
139.094271
138.979983
138.815063
139.773473
138.953825
140.385443
138.507787
139.174566
138.557775
138.294165
138.781350
138.776749
140.093529
138.221261
138.850124
138.842633
138.507788
138.838861
139.469505
139.440000
138.514331
138.501572
138.592126
138.426843
138.659251
138.916500
139.858437
138.564733
138.703925
138.472484
138.468118
139.092852
138.535980
139.756222
138.590508
138.732066
138.604764
138.322063
138.423169
138.702019
139.626667
138.260986
138.397764
138.448488
138.824318
138.608570
138.934326
139.650711
138.394036
139.217954
138.543098
138.357176
139.227679
138.569503
140.342492
138.698528
138.831780
138.732922
139.141974
139.192449
139.010282
139.617857
138.585310
139.736456
138.671762
138.512050
138.206052
138.759235
139.934282
138.600034
138.474403
138.377686
138.369365
138.288540
138.460095
139.813819
138.355680
138.105556
138.380959
138.262905
138.374869
138.672704
140.187861
138.059308
138.525634
138.600545
139.426069
138.443016
138.622336
139.658409
138.136517
138.758020
138.915236
138.376799
138.434985
138.447373
139.583038
138.080287
138.546854
138.577745
138.504092
138.030865
138.576754
139.820743
138.448249
138.243094
138.771567
138.284632
138.206265
138.477622
139.787865
138.274314
138.102734
138.675253
139.170038
138.270235
138.718307
139.508095
138.733907
139.057624
140.819976
1068.154329
138.350141
139.977008
138.619883
138.292772
138.187594
138.514233
138.442140
138.504931
139.736912
138.545001
138.530850
138.408032
139.013968
138.638071
138.606847
140.205545
138.523825
138.230832
138.366516
138.679521
138.363362
138.397852
139.244086
138.660549
138.557026
140.024370
2240.769833
138.580480
139.827403
138.763303
230.993234
138.396532
138.218418
139.004414
138.729000
139.247395
138.335267
138.238588
139.767562
1262.340565
138.570000
139.643486
138.443260
138.680023
139.269249
138.527161
138.322275
138.590068
140.087375
138.324344
138.439460
138.514440
138.532052
138.636229
138.556252
139.605448
138.380400
138.487705
139.004201
138.702438
138.914383
138.838210
139.422628
138.070646
139.968905
1842.346070
138.607029
138.243529
139.951887
138.549915
138.412247
138.480168
138.741681
138.771105
138.502750
140.008833
138.946609
138.661938
138.480539
138.801986
138.703968
138.306408
139.592936
138.594717
138.822984
138.633628
140.519970
1798.650961
140.020787
139.140353
139.453075
138.362516
138.869806
138.726745
138.327910
139.392580
138.262494
138.611637
138.588731
138.347223
138.119091
138.441037
139.749389
138.416403
138.675219
138.454585
138.423074
138.660237
138.693017
141.172123
1766.196305
138.287602
138.668681
138.240265
138.437224
138.263034
139.739464
138.345500
138.604250
138.302906
138.148704
139.255412
138.661436
138.080214
138.289970
138.538240
138.292083
138.359039
138.228343
139.781813
138.004291
138.750102
140.421801
1730.025165
138.531204
138.848127
139.640664
138.417026
138.656650
138.492866
138.483064
138.274169
138.516342
139.491999
138.266322
138.031868
138.406894
138.657287
138.590741
138.377102
139.640124
138.486506
138.622988
138.776349
139.102040
140.080622
1823.522192
138.859976
138.668763
138.159838
138.615464
138.690521
138.720193
139.992649
139.011172
138.676647
138.881115
139.793186
138.944101
138.683989
138.303875
230.474551
138.982735
210.214950
138.920662
138.801259
142.028388
1867.018785
139.171451
138.738696
138.580886
139.021667
139.026832
139.885569
138.543583
138.755617
138.762419
138.890857
138.917924
138.804388
139.805727
138.414513
139.009205
138.872047
138.770739
138.781270
138.964692
140.407558
139.824654
1800.175583
138.616738
138.248865
138.839303
139.904720
138.707626
138.526590
138.581335
139.077349
138.915187
138.803679
140.432878
138.447011
138.692878
138.705715
138.787337
138.655964
138.782904
140.138015
138.625527
138.589315
139.092901
140.178286
139.111085
139.207270
140.702441
138.862109
138.846689
139.240402
139.269398
138.780422
138.851459
140.245170
139.237788
138.969928
138.844516
138.725987
138.740998
138.773421
139.949186
138.897272
138.745916
139.555368
138.741899
138.576767
138.109704
139.721726
138.311008
138.612853
138.690317
138.670870
138.588992
138.902444
140.102139
138.363374
138.353087
139.760285
139.078362
138.586981
138.547394
140.098340
138.959055
138.751676
138.832858
138.635326
138.544245
138.957808
140.015098
138.658675
138.738798
138.539643
138.812384
138.467204
138.624923
139.896579
138.718687
138.951943
138.649451
139.334104
138.844572
138.614827
140.096680
139.274331
139.035144
139.102394
139.124167
138.363889
138.663053
140.242198
138.710746
192.607911
138.359198
138.889220
138.828222
138.524955
140.069345
138.571872
138.866798
138.469806
138.804664
138.588958
138.679787
138.864008
138.807801
138.762629
138.583865
138.730062
138.885922
140.068389
138.373889
138.511213
138.647341
138.304180
138.616438
138.894965
139.892840
138.582640
139.937194
138.612816
138.801018
139.049983
138.618795
139.892260
138.846408
139.351444
138.831000
138.640747
139.017027
138.987620
140.046386
139.060836
139.356453
138.687985
138.680251
138.785605
139.111011
139.860946
138.674492
138.749684
138.781446
138.820932
138.832825
138.751919
139.855474
138.806461
139.247867
138.791978
138.957254
138.746549
140.315123
138.304805
138.455882
138.532460
138.785203
138.610928
139.075951
140.143264
138.960445
140.267277
201.582228
139.171633
139.043386
139.276740
140.430954
138.822265
138.945570
138.957863
138.613438
138.611755
139.150494
140.119285
138.937352
138.525488
138.911204
139.264108
142.623402
139.043436
140.981947
138.720136
139.018843
138.990224
138.796853
138.611963
138.911785
140.152856
138.789438
138.697282
139.100038
138.843892
138.763119
138.876377
141.594268
1871.502408
138.267757
139.298267
138.472989
138.292955
138.589996
140.171306
138.808023
138.610910
138.643122
139.036611
138.595385
138.814283
138.822102
138.880320
138.560024
139.210555
138.533953
138.520736
139.889227
138.413447
140.447721
1805.426480
138.431843
138.587354
138.567921
139.591192
138.777600
138.664303
138.994792
139.139713
138.961052
139.814433
138.287169
138.991925
138.855685
138.555931
138.478069
138.539509
139.854286
138.414888
138.549723
138.682579
138.740146
139.856903
932.155302
139.596219
138.007266
138.544733
138.754827
138.376625
138.700093
138.609535
140.150638
138.368656
138.899706
139.019946
138.715406
138.942828
138.787998
140.162553
138.732841
139.494083
138.728050
138.484375
138.770855
139.418371
140.332612
138.282130
138.818566
139.099134
138.565621
140.689542
1840.566481
138.845160
138.863808
139.031622
139.033886
138.305180
138.568825
140.234751
138.819658
138.585453
138.476149
138.599542
138.962119
138.694846
139.990576
138.535904
138.637515
139.277005
139.190822
138.439141
138.511384
140.188546
139.054613
138.536388
138.809055
138.678674
138.683861
138.452800
140.404732
138.585383
138.548966
138.899572
139.107271
138.970290
138.729036
140.045293
138.863840
138.587162
138.687820
139.025628
138.777411
138.892699
140.074337
138.984755
139.265253
138.989520
138.620645
138.552503
139.018486
140.705720
138.768415
138.731324
138.388929
139.060773
138.822832
139.098111
140.872111
139.247768
138.914583
138.862269
139.098024
167.229052
139.110753
140.798527
138.908084
138.718874
138.670605
138.961809
139.042309
138.710322
139.771339
138.553374
138.957860
138.452177
138.767331
138.633909
138.877256
140.419242
138.390913
138.604626
138.230444
138.707635
139.158716
138.479591
139.543979
138.791976
138.902699
138.780644
138.790486
140.752518
1936.063677
140.048874
139.229290
273.274724
138.536465
138.636711
138.952204
138.478388
138.148921
138.389469
138.327373
138.599691
138.632059
138.825849
139.986142
138.238449
139.310829
138.816700
138.684943
139.190235
140.533598
1790.089954
138.633236
138.578743
138.175374
138.293796
138.804064
138.855476
138.217607
