1.289124
1.317626
1.304388
1.267396
1.269421
1.259293
1.280269
1.264153
1.260998
1.266940
1.280001
1.280173
1.275705
1.277084
1.295709
1.279715
1.285815
1.277458
1.276786
1.298790
1.312567
1.279748
1.287915
1.296501
1.326419
1.290977
1.258014
1.252564
1.247899
1.257409
1.273135
1.252520
1.247942
1.250604
1.251682
1.265286
1.284335
1.255351
1.253405
1.265157
1.259075
1.255855
1.252133
1.250696
1.254458
1.254763
1.270276
1.255092
1.255555
1.254552
1.253974
1.295860
1.263686
1.253330
1.263177
1.263267
1.269863
1.259145
1.259513
1.259615
1.255281
1.258022
1.298737
1.261550
1.261591
1.263647
1.261556
1.293082
1.266900
1.261514
1.257727
1.257528
1.266890
1.274933
1.258371
1.259834
1.261865
1.262126
1.261653
1.273827
1.262703
1.260179
1.263166
1.275681
1.263640
1.261683
1.263198
1.262303
1.266627
1.273980
1.265269
1.261700
1.261170
1.265811
1.281739
1.294086
1.265945
1.267348
1.264180
1.275035
1.270114
1.269570
1.262336
1.260017
1.266731
1.267939
1.258740
1.255938
1.248686
1.252193
1.260396
1.252441
1.255317
1.249886
1.256139
1.271860
1.287267
1.253491
1.254808
1.254216
1.255392
1.272247
1.256584
1.263657
1.253168
1.294291
1.265999
1.252853
1.257723
1.257144
1.254203
1.252298
1.262468
1.256762
1.253023
1.255087
1.258719
1.273682
1.292147
1.260663
1.267926
1.261702
1.300311
1.263445
1.257342
1.258039
1.262252
1.262026
1.275767
1.273497
1.263452
1.261675
1.262692
1.283701
1.276248
1.257798
1.273067
1.264713
1.266684
1.275160
1.265161
1.261757
1.261039
1.264250
1.281939
1.268060
1.261954
1.263025
1.265101
1.290333
1.303073
1.267255
1.266501
1.271914
1.272578
1.283777
1.263341
1.262804
1.268568
1.266240
1.261429
1.252223
1.254231
1.253364
1.253374
1.269725
1.269159
1.253637
1.254560
1.256393
1.279933
1.269593
1.253486
1.252174
1.252098
1.250789
1.260310
1.252718
1.257604
1.255633
1.256702
1.267849
1.270636
1.257019
1.254381
1.254410
1.276101
1.289289
1.256710
1.256071
1.257767
1.273077
1.271406
1.261373
1.258957
1.258135
1.257475
1.279653
1.278935
1.258451
1.255019
1.258928
1.278242
1.282319
1.263736
1.261936
1.261201
1.265081
1.296638
1.261107
1.259128
1.264068
1.262221
1.267991
1.263577
1.262480
1.261979
1.266981
1.268796
1.261068
1.266801
1.261836
1.263519
1.303890
1.260653
1.265604
1.266125
1.262002
1.269851
1.270277
1.280251
1.272595
1.266216
1.266313
1.264099
1.269123
1.267147
1.262918
1.249991
1.248254
1.289240
1.268417
1.254807
1.253322
1.252599
1.258044
1.256200
1.253219
1.248591
1.252394
1.253644
1.268426
1.250984
1.264733
1.257208
1.255947
1.257450
1.272146
1.255864
1.251202
1.260667
1.263494
1.262017
1.254848
1.256539
1.257754
1.256659
1.274795
1.295958
1.258668
1.264911
1.260892
1.298150
1.264694
1.260745
1.258334
1.256260
1.264265
1.278784
1.265819
1.256418
1.259333
1.257524
1.275925
1.260789
1.260840
1.263356
1.267675
1.267209
1.270498
1.260445
1.260047
1.265335
1.279742
1.276140
1.260706
1.265401
1.263514
1.262304
1.267865
1.266014
1.263565
1.267545
1.269970
1.293509
1.281084
1.263052
1.267724
1.267943
1.267364
1.284181
1.267436
1.265634
1.266462
1.257670
1.257052
1.252969
1.257978
1.255814
1.248585
1.274428
1.274801
1.248078
1.253015
1.254359
1.259637
1.265319
1.254204
1.259627
1.255018
1.256578
1.261640
1.256858
1.251220
1.260420
1.258190
1.266371
1.263083
1.259519
1.254413
1.259101
1.270958
1.254847
1.257356
1.254486
1.260475
1.257670
1.257123
1.271791
1.259668
1.254710
1.254246
1.258884
1.267468
1.269196
1.258050
1.255247
1.262132
1.273451
1.276571
1.258567
1.262074
1.265104
1.261653
1.266818
1.259575
1.263036
1.263728
1.257363
1.269279
1.275331
1.263054
1.262380
1.262386
1.270280
1.270633
1.260496
1.267971
1.269255
1.265066
1.283119
1.266497
1.260235
1.261747
1.265971
1.488792
40.987014
1.272231
1.252500
1.255736
1.266794
1.266175
1.250648
1.252314
1.258505
1.258193
1.253275
1.252435
1.254896
1.254162
1.250705
1.261129
1.259613
1.253115
1.262110
1.256889
1.259263
1.271186
1.253078
1.263269
1.256173
1.256078
1.277841
1.259972
1.256695
1.260144
1.262543
1.299494
1.278065
1.262496
1.264502
1.271844
1.271362
1.288674
1.266373
1.265139
1.273820
1.267926
1.307374
1.266499
1.268690
1.268465
1.265031
1.272876
1.274748
1.269820
1.268730
1.279238
1.288020
1.285850
1.271715
1.274700
1.272891
1.304966
1.278745
1.274799
1.275509
1.273809
1.278823
1.287840
1.270000
1.271281
1.276170
1.278727
1.303588
1.279963
1.274397
1.277816
1.295176
1.314900
1.275535
1.254379
1.257025
1.253384
1.259082
1.257045
1.255190
1.250792
1.254032
1.273209
1.269377
1.260443
1.261414
1.253208
1.258524
1.266115
1.255844
1.254840
1.252381
1.257331
1.271646
1.257574
1.255702
1.256067
1.256962
1.260353
1.278133
1.269058
1.253059
1.257044
1.266706
1.272535
1.253122
1.256834
1.257487
1.256909
1.272805
1.259466
1.258133
1.253656
1.260434
1.266478
1.271537
1.257486
1.269432
1.259541
1.274642
1.295022
1.261964
1.259866
1.260636
1.264913
1.266599
1.260248
1.264528
1.263824
1.262711
1.267528
1.299952
1.261816
1.258877
1.276502
1.292861
1.297818
1.265232
1.262188
1.265720
1.302819
1.267451
1.268082
1.261701
1.258331
1.267652
1.270851
1.266067
1.264775
1.264982
1.265295
1.269093
1.284779
1.254034
1.253394
1.255649
1.295540
1.254643
1.249775
1.258045
1.254324
1.249513
1.266909
1.272427
1.253588
1.248346
1.254534
1.283098
1.261357
1.252461
1.254497
1.259400
1.255521
1.260995
1.262088
1.253789
1.254870
1.263734
1.261693
1.254313
1.257985
1.255430
1.261358
1.255323
1.264714
1.275849
1.265289
1.260174
1.261183
1.256907
1.257591
1.264822
1.261561
1.254258
1.259003
1.260693
1.298377
1.275118
1.262477
1.263663
1.261556
1.320188
1.270452
1.259508
1.261270
1.261172
1.265251
1.274546
1.258755
1.264680
1.263880
1.261443
1.279401
1.296770
1.264108
1.263727
1.262641
1.311835
1.271162
1.268746
1.266513
1.262138
1.259926
1.285907
1.264475
1.263307
1.267084
1.268856
1.273714
1.263421
1.255092
1.264099
1.249551
1.269913
1.283017
1.251184
1.251130
1.251119
1.251514
1.255688
1.251087
1.255332
1.254971
1.252622
1.259485
1.407975
1.254968
1.258679
1.256545
1.269621
1.267074
1.266939
1.257915
1.252081
1.258244
1.265400
1.256037
1.257800
1.255818
1.261324
1.263221
1.255929
1.260907
1.260417
1.254300
1.276257
1.274161
1.256822
1.263741
1.258714
1.265411
1.272015
1.302793
1.285089
1.266524
1.259536
1.264888
1.259542
1.266711
1.265478
1.270582
1.260931
1.261893
1.284793
1.286035
1.261617
1.264852
1.261309
1.276414
1.973506
1.266596
1.265282
1.278499
1.284329
1.263121
1.266282
1.259148
1.267299
1.265828
1.271197
1.280093
1.290170
1.268825
1.263293
1.265302
1.263755
1.251128
1.251420
1.261284
1.250354
1.287400
1.273671
1.252100
1.251175
1.253541
1.290690
1.260111
1.248678
1.262392
1.254588
1.252669
1.265354
1.258745
1.253210
1.251913
1.255039
1.265413
1.289608
1.252761
1.265352
1.256861
1.269601
1.271646
1.253264
1.272044
1.256096
1.255796
1.276239
1.256697
1.260397
1.259834
1.255845
1.264369
1.268180
1.262826
1.256616
1.258452
1.266551
1.266007
1.255109
1.260896
1.271585
1.261484
1.298674
1.263515
1.257427
1.260856
1.260022
1.267072
1.261365
1.261433
1.265704
1.262349
1.275434
1.279942
1.261796
1.266885
1.265155
1.279355
1.267127
1.261953
1.266049
1.266168
1.261390
1.269881
1.265724
1.264358
1.264094
1.265995
1.289039
1.270200
1.263575
1.262280
1.251892
1.254117
1.276740
1.255028
1.247881
1.250964
1.252409
1.268166
1.252551
1.252200
1.252387
1.255059
1.266813
1.262184
1.253527
1.252642
1.255247
1.260406
1.275436
1.252805
1.255890
1.251244
1.259916
1.287657
1.256980
1.254308
1.255279
1.269107
1.296143
1.257311
1.256199
1.263965
1.257123
1.256016
1.261622
1.300069
1.257255
1.257547
1.258370
1.261050
1.265930
1.262878
1.261078
1.261542
1.260444
1.284942
1.274362
1.262387
1.264658
1.259599
1.260065
1.266036
1.300366
1.262580
1.258120
1.263239
1.283251
1.278847
1.263198
1.267475
1.264719
1.264188
1.278886
1.267836
1.261726
1.264534
1.268607
1.272858
1.263684
1.275115
1.267502
1.266990
1.305362
1.264449
1.265568
1.267049
1.261992
1.260746
1.286265
1.252532
1.256340
1.254105
1.259291
1.254304
1.254916
1.262432
1.251484
1.268420
1.272432
1.253920
1.257018
1.258564
1.252494
1.257438
1.278555
1.257552
1.253684
1.255551
1.271920
1.261241
1.253386
1.258253
1.264179
1.259968
1.263973
1.258820
1.258552
1.256804
1.262965
1.263747
1.271879
1.259818
1.260951
1.252556
1.276400
1.275138
1.262190
1.261231
1.256476
1.272476
1.266904
1.258520
1.264432
1.265042
1.260968
1.268751
1.260300
1.265779
1.258859
1.258471
1.300783
1.278233
1.265526
1.268437
1.264596
1.276477
1.911944
1.269399
1.262542
1.264667
1.284385
1.265890
1.261886
1.269471
1.267360
1.283515
1.281191
1.268406
1.266485
1.263870
1.262281
1.274991
1.281917
1.269779
1.257192
1.253975
1.253750
1.253528
1.261802
1.253668
1.254171
1.251330
1.255258
1.261065
1.263025
1.459792
49.373714
1.251638
1.270889
1.295464
1.251783
1.251564
1.258632
1.258769
1.265263
1.253570
1.256218
1.256927
1.269816
1.262560
1.258076
1.251310
1.254294
1.257600
1.267134
1.249279
1.271083
1.258360
1.258140
1.274579
1.296351
1.264973
1.262324
1.258509
1.267716
1.258873
1.264905
1.262833
1.259681
1.274679
1.278094
1.259262
1.266905
1.260448
1.262626
1.267524
1.259989
1.263934
1.264679
1.260965
