6.560732
6.623628
6.570715
6.655640
6.626427
6.663793
6.579387
6.663261
6.586536
6.598477
6.591890
6.647673
6.560930
6.638784
6.594563
6.639579
6.602897
6.628441
6.583348
6.654050
6.584905
6.660506
6.606735
6.637323
6.608075
6.659851
6.599479
6.674471
6.577900
6.624705
6.655283
6.566381
6.629423
6.569494
6.636180
6.588445
6.620889
6.593143
6.585608
6.614084
6.609719
6.588115
6.654590
6.606973
6.659572
6.618329
6.661111
6.645124
6.660563
6.588737
6.682107
6.609199
6.573740
6.644958
6.590817
6.654498
6.566738
6.621689
6.578143
6.635245
6.592958
6.629283
6.549742
6.630798
6.641980
6.641132
6.589023
6.630265
6.635606
6.661312
6.592714
6.620106
6.609011
6.641101
6.613342
6.650609
6.601195
6.660866
6.600019
6.667935
6.627465
6.636116
6.613229
6.666900
6.630964
6.586063
6.640280
6.636033
6.640898
6.616848
6.657873
6.583703
6.864913
6.595003
6.648006
6.580568
6.631333
6.582421
6.652525
6.615450
6.578340
6.627152
6.608790
6.638117
6.595890
6.648694
6.582993
6.642865
6.574561
6.650799
6.575505
6.646704
6.607511
6.645519
6.590931
6.592105
6.647423
6.641429
6.643684
6.660499
6.624956
6.654984
6.620093
6.687398
6.650191
6.665461
6.639747
6.666738
6.635366
6.616941
6.653273
6.623451
6.669729
6.584457
6.680024
6.627233
6.649136
6.633317
6.646732
6.621158
6.627139
6.628580
6.594054
6.626162
6.638503
6.625380
6.588758
6.613078
6.595543
6.642498
6.571268
6.652769
6.601366
6.642944
6.583630
6.623484
6.557915
6.630914
6.577254
6.640724
6.598892
6.630586
6.595321
6.660073
6.834138
6.645504
6.624898
6.670880
6.633794
6.655302
6.651229
6.661147
6.572944
6.595091
6.567175
6.625419
6.653659
6.679429
6.602832
6.647862
6.649099
6.630215
6.593982
6.636039
6.599134
6.658129
6.590765
6.643175
6.583731
6.654114
6.610347
6.677219
6.620969
6.685342
6.615607
6.660295
6.634013
6.652467
6.647517
6.673982
6.636847
6.608729
6.647444
6.648345
6.637859
6.626312
6.645436
6.592472
6.654326
6.653679
6.657011
6.603111
6.651528
6.588011
6.643581
6.554108
6.667298
6.630193
6.661576
6.606203
6.658675
6.562188
6.659420
6.615893
6.659821
6.563229
6.671690
6.585485
6.660522
6.667981
6.670024
6.612877
6.592055
6.641164
6.597627
6.665755
6.648017
6.643535
6.599669
6.644184
6.649991
6.658623
6.606586
6.660502
6.592693
6.664469
6.582427
6.645155
6.608144
6.659482
6.591745
6.661886
6.623553
6.656583
6.616282
6.672031
6.636563
6.679864
6.595947
6.763925
6.626604
6.569648
6.639740
6.609886
6.618903
6.587808
6.658381
6.581315
6.620092
6.582737
6.674459
6.568059
6.635537
6.574916
6.653092
6.585031
6.631603
6.600522
6.638698
6.580003
6.639285
6.592300
6.710801
6.581860
6.648802
6.652282
6.666763
6.610571
6.642791
6.584243
6.642838
6.628104
6.648763
6.601395
6.666295
6.662818
6.660763
6.632624
6.648248
6.628976
6.619501
6.586313
6.585570
6.631187
6.588794
6.643093
6.582721
6.871270
6.595194
6.652938
6.587688
6.651054
6.588350
6.604605
6.615633
6.610376
6.649841
6.633350
6.591760
6.656437
6.601853
6.665337
6.651426
6.660717
6.630346
6.618945
6.665506
6.652405
6.601081
6.634508
6.626913
6.660338
6.667458
6.655993
6.643890
6.577747
6.597486
6.573539
6.624604
6.570356
6.614688
6.574147
6.610695
6.594803
6.650367
6.634851
6.653077
6.642103
6.661580
6.592656
6.622669
6.623119
6.656296
6.665343
6.663811
6.609510
6.663978
6.587462
6.546584
6.600700
6.669200
6.586792
6.568905
6.634404
6.636199
6.638622
6.572930
6.637399
6.596570
6.672887
6.587142
6.650882
6.642886
6.631392
6.598279
6.643672
6.626973
6.603476
6.558577
6.882324
6.618332
6.654135
6.595641
6.661838
6.656003
6.666917
6.643727
6.662825
6.592850
6.640405
6.580887
6.623425
6.596191
6.662666
6.638341
6.609645
6.590367
6.650853
6.587533
6.644921
6.578937
6.636042
6.585148
6.657766
6.656806
6.624014
6.593481
6.642914
6.591372
6.670342
6.620695
6.656137
6.620416
6.670418
6.631667
6.630898
6.637932
6.545810
6.659184
6.586119
6.628886
6.569110
6.633588
6.571164
6.631109
6.561716
6.651313
6.581468
6.641354
6.542320
6.615302
6.588949
6.629774
6.598871
6.647384
6.599713
6.641481
6.633288
6.635560
6.589395
6.647770
6.590731
6.635368
6.579117
6.649992
6.612993
6.660233
6.614953
6.662342
6.565275
6.668096
6.636556
6.647633
6.561182
6.664465
6.639358
6.638132
6.613806
6.650910
6.625870
6.571211
6.663652
6.563218
6.648622
6.589751
6.640330
6.567355
6.635297
6.598634
6.640748
6.603006
6.640679
6.569020
6.655007
6.599435
6.638733
6.585086
6.638444
6.588305
6.634570
6.565863
6.651180
6.600920
6.646275
6.598957
6.654512
6.613007
6.629659
6.612092
6.644255
6.621265
6.663235
6.610020
6.651994
6.664046
6.652937
6.619923
6.641233
6.628527
6.573825
6.634631
6.630861
6.632547
6.590174
6.616162
6.578528
6.651501
6.646183
6.666966
6.632290
6.625404
6.630675
6.616155
6.582752
6.634985
6.575203
6.668130
6.662114
6.658596
6.602019
6.611420
6.578025
6.669004
6.625520
6.650609
6.598361
6.662738
6.630395
6.676152
6.634980
6.596691
6.585469
6.570467
6.650093
6.586220
6.643332
6.580104
6.620958
6.655214
6.625937
6.564094
6.761812
6.597379
6.648921
6.586108
6.655288
6.659931
6.644448
6.639304
6.652190
6.600258
6.636167
6.629114
6.665307
6.649527
6.657757
6.599324
6.651274
6.634464
6.667523
6.607520
6.668826
6.629232
6.676549
6.622536
6.589232
6.604965
6.570104
6.630477
6.569501
6.611568
6.564461
6.645811
6.580783
6.592636
6.576520
6.622179
6.654534
6.640963
6.657992
6.672578
6.583609
6.595821
6.626502
6.608464
6.565526
6.648288
6.592612
6.644547
6.600386
6.656272
6.635720
6.659787
6.581966
6.889680
6.597670
6.666213
6.630204
6.674152
6.633282
6.671322
6.629018
6.620624
6.648438
6.571130
6.669825
6.646996
6.650061
6.594291
6.592321
6.560040
6.625857
6.593438
6.657058
6.597229
6.650599
6.672940
6.646662
6.574419
6.660932
6.610836
6.642405
6.597651
6.657438
6.601552
6.632186
6.668109
6.669387
6.654866
6.669964
6.606353
6.658270
6.622747
6.681771
6.594440
6.633776
6.668878
6.575469
6.619126
6.591420
6.652302
6.570099
6.590179
6.594330
6.644813
6.573535
6.601003
6.600295
6.678228
6.589157
6.621242
6.652782
6.648694
6.636950
6.640651
6.584743
6.632726
6.587083
6.634986
6.610139
6.650313
6.600101
6.650024
6.613291
6.669957
6.620230
6.901191
6.612351
6.666845
6.614042
6.634969
6.625958
6.620962
6.627334
6.570737
6.643128
6.586242
6.617018
6.593310
6.629214
6.609557
6.669083
6.596355
6.747931
6.638822
6.638569
6.570225
6.650621
6.595949
6.651579
6.634570
6.664765
6.628545
6.648204
6.592778
6.661873
6.615316
6.669930
6.656352
6.651069
6.628937
6.680171
6.622143
6.667685
6.616022
6.574384
6.601251
6.572606
6.652078
6.572694
6.621000
6.583428
6.601564
6.629075
6.643850
6.593864
6.664839
6.593215
6.634895
6.581926
6.636882
6.573430
6.598330
6.570750
6.654153
6.589092
6.671351
6.592362
6.666146
6.597770
6.646530
6.664517
6.636907
6.615717
6.655655
6.567492
6.654531
6.601180
6.660036
6.660823
6.619529
6.622694
6.675897
6.660009
6.608305
6.639717
6.574689
6.659718
6.568930
6.642357
6.574475
6.668848
6.617402
6.636103
6.583838
6.631357
6.635929
6.654918
6.617610
6.643580
6.641936
6.637833
6.592996
6.655326
6.591559
6.645790
6.604391
6.652818
6.594079
6.671250
6.602475
6.656879
6.633616
6.641571
6.607673
6.623951
6.608854
6.665650
6.595199
6.633904
6.610323
6.651521
6.626225
6.656217
6.624699
6.598068
6.647080
6.627549
6.645389
6.575321
6.609123
6.589671
6.602447
6.570253
6.669739
6.605709
6.666070
6.585252
6.651237
6.573552
6.685397
6.594547
6.649318
6.599021
6.645879
6.605041
6.609676
6.609028
6.636238
6.592235
6.619290
6.614590
6.683245
6.618646
6.667353
6.629500
6.670774
6.628185
6.580601
6.662182
6.562320
6.637667
6.601574
6.572902
6.614377
6.589408
6.672341
6.582183
6.666283
6.583876
6.627334
6.595959
6.638038
6.637934
6.658440
6.609779
6.653647
6.576443
6.660575
6.555729
6.633542
6.590310
6.636171
6.589779
6.640591
6.611033
6.647000
6.608746
6.654422
6.628725
6.658792
6.626895
6.671475
6.616744
6.677324
6.633009
6.589080
6.638950
6.599798
6.625859
6.635648
6.632996
6.581744
6.594161
6.593008
6.621041
6.595638
6.642957
6.581916
6.650235
6.603597
6.675330
6.597902
6.651771
6.592538
6.603796
6.582361
6.634725
6.594488
6.674195
6.662585
6.870324
6.612040
6.664076
6.609828
6.667320
6.622294
6.663666
6.632124
6.656874
6.597956
6.584590
6.681844
6.580905
6.634840
6.612647
6.659692
6.593138
6.646683
6.584672
6.644057
6.579334
6.638497
6.595932
6.644808
6.575846
6.634549
6.555615
6.624917
6.606593
6.674112
6.583560
6.643961
6.643911
6.659018
6.640532
6.639920
6.601937
6.648434
6.612517
6.666649
6.660330
6.643958
6.615766
6.654592
6.625502
6.644334
6.629535
6.567004
6.643539
6.629300
6.638984
6.567828
6.624270
6.565025
6.642151
6.572872
6.598375
6.586617
6.632088
6.646264
6.644551
6.553795
6.632361
6.594968
6.613978
6.587687
6.631892
6.654518
6.649516
6.643111
6.648461
6.591144
6.854608
6.610420
6.657117
6.590927
6.678011
6.609051
6.673584
6.640068
6.655718
6.634178
6.606208
6.645752
6.578456
6.637379
6.589778
6.623064
6.570769
6.641423
6.596842
6.625972
6.587266
6.620286
6.588081
6.667012
6.629506
6.644399
6.586018
6.656457
6.592605
6.660877
6.581926
6.654886
6.607347
6.644014
6.613647
6.650992
6.631122
6.667267
6.620069
6.657377
6.606104
6.665227
6.573257
6.566043
6.629669
6.580111
6.611401
