12.158363
12.935023
12.739370
12.422136
12.314618
12.235894
12.215655
12.226881
12.181987
12.227272
12.237815
12.221848
12.173295
12.216162
12.113245
12.128124
12.175709
12.137921
12.096328
12.120364
12.035331
12.099715
12.115901
12.100337
12.072784
12.113651
12.124278
12.139208
12.090847
12.111002
12.090609
61.671453
12.332529
12.230849
12.140771
12.128754
12.109310
12.172586
12.075827
12.096365
12.310213
12.109924
12.065612
12.173318
12.066761
12.109653
12.113410
12.068222
12.111184
12.100146
12.080968
12.134208
12.060785
12.042356
12.121690
12.078466
12.070058
12.132779
12.119827
12.106828
12.066968
12.088522
12.064450
12.080790
12.133359
12.047494
12.114133
12.079546
12.088120
12.119801
12.060886
12.150531
12.113308
12.065276
12.122913
12.089852
12.105363
12.071169
12.061692
12.100977
12.078616
12.108215
12.175766
12.165624
12.104528
12.057765
12.097406
12.074318
12.030945
12.101298
12.077237
13.288420
12.252422
12.110870
12.092225
12.155048
12.151012
12.133981
12.101351
12.142686
12.088734
12.112813
12.099035
12.066716
12.068846
12.073173
12.084273
12.087298
12.096672
12.157281
12.151199
12.099830
12.054491
12.095797
12.113746
12.087332
12.084794
12.099354
12.121164
12.074440
12.076906
12.136178
12.108084
12.120952
12.078685
12.101352
12.057366
12.117813
12.119561
12.142491
12.123924
12.085966
12.060166
12.114243
12.073801
12.108390
12.103914
12.055538
12.062095
12.092992
12.093745
12.093734
13.177879
12.102316
12.114462
12.096664
12.200277
12.109541
12.082221
12.063897
12.117175
12.055686
12.061171
12.086986
12.049643
12.089771
12.075018
12.128681
12.100701
12.056767
12.138687
12.113664
12.075614
12.080800
12.073209
12.102978
12.092786
12.072361
12.072761
12.122673
12.106550
12.122968
12.049507
12.078395
12.157932
12.103872
12.098430
12.063315
12.093484
12.115232
12.065745
12.070597
12.047019
12.065129
12.052554
12.074128
12.036379
12.097255
12.128523
12.129156
12.109844
12.051837
12.281762
13.183130
12.163777
12.083194
12.060620
12.136722
12.090602
12.050501
12.165686
12.107110
12.112458
12.131220
12.042382
12.040602
12.166927
12.101218
12.068580
12.054232
12.064772
12.067518
12.083159
12.100623
12.101658
12.055364
12.035705
12.131974
12.095232
12.076389
12.071854
12.086003
12.062338
12.063501
12.071055
12.057330
12.085895
12.123146
12.095134
12.063542
12.103152
12.041203
12.077124
12.088573
12.118050
12.118320
12.051962
12.084318
12.106189
12.094328
12.097931
12.100177
12.135661
12.072977
12.083522
12.177654
12.102963
12.070486
12.091702
12.099126
12.099525
12.071906
12.073530
12.097277
12.114359
12.086751
12.115213
12.090410
12.054486
12.096652
12.069801
12.051282
12.063662
12.046259
12.107232
12.082232
12.103676
12.106859
12.044018
12.009164
12.073880
12.063454
12.080323
12.094673
12.064062
12.089856
12.107087
12.122789
12.083828
12.067686
12.129202
12.126308
13.470818
198.687289
21.955483
14.753829
12.311477
12.101688
12.096124
12.145675
12.199396
12.112473
12.111974
13.181884
12.201176
12.126027
12.100788
12.065035
12.071207
12.118684
12.114971
12.072067
12.142874
12.097327
12.156927
12.132429
12.114943
12.107646
12.081242
12.144417
12.052823
12.043867
12.135446
12.106186
12.114439
12.113342
12.116595
12.135152
12.092115
12.102459
12.100369
12.082662
12.079969
12.135085
12.136589
12.064090
12.146273
12.092685
12.045074
12.083248
12.102000
12.102914
12.163314
12.083701
12.097855
12.133601
12.103591
12.124480
12.082078
12.090797
12.053855
12.096714
12.069517
12.045265
12.106576
12.232227
12.125473
12.099951
12.075156
12.071789
12.098743
12.100984
12.091012
12.096621
12.171984
12.163161
12.039320
12.088143
12.117553
12.095287
12.078311
12.115116
12.087531
12.094223
12.103488
12.078690
12.071072
12.072493
12.088864
12.102216
12.098654
12.108443
12.072015
12.115331
12.123465
12.061951
12.092022
12.070421
12.107588
12.076765
12.098911
12.135798
12.075482
12.120112
12.085877
12.056678
12.138767
12.110926
12.036577
12.113781
12.107379
12.088470
12.072362
12.105030
12.091411
12.128446
13.243049
12.130063
12.124696
12.071748
12.209617
12.108898
12.135110
12.099933
12.071699
12.097016
12.063807
12.065570
12.118397
12.098232
12.099232
12.123031
12.050168
12.098495
12.145569
12.112222
12.095538
12.105498
12.095373
12.098032
12.050476
12.079390
12.144736
12.084695
12.114297
12.105430
12.087622
12.091298
12.100469
12.100777
12.083249
12.111585
12.195357
12.108378
12.103098
12.097430
12.160193
12.082617
12.082458
12.089395
12.079221
12.047670
12.056027
12.118265
12.108054
12.062440
12.184859
13.218614
12.172461
12.153670
12.131889
12.125023
12.086024
12.088632
12.089991
12.116991
12.082719
12.106675
12.091320
12.097863
12.182138
12.138092
12.117146
12.098230
12.106251
12.103963
12.065234
12.115280
12.072885
12.104909
12.096819
12.096895
12.104168
12.106472
12.115160
12.184068
12.070725
12.038281
12.110632
12.085264
12.164789
12.093258
12.063678
12.284793
12.032392
12.079020
12.108550
12.063292
12.142361
12.151689
12.084776
12.125205
12.101432
12.158358
12.088289
12.056964
12.093468
12.084038
12.044025
12.168703
12.137142
12.115417
12.113666
12.057147
12.066763
12.053000
12.126906
12.130433
12.130038
12.054191
12.088649
12.088049
12.079337
12.091677
12.061169
12.044064
12.054069
12.125030
12.119959
12.078431
12.111200
12.095016
12.084831
12.079043
44.470043
12.304123
12.151339
12.126894
12.067381
12.074686
12.082715
12.087613
12.153708
12.091072
12.055346
12.106156
12.031342
12.016459
12.101377
12.029556
12.063677
12.041528
12.129176
12.052226
12.033429
12.060775
12.054582
12.058317
12.047437
12.053670
12.116191
12.059630
12.079260
12.059694
12.057569
12.081252
12.056297
12.114201
12.133036
12.067955
12.063358
12.063109
12.060622
12.111286
12.069623
12.106988
12.146000
12.081264
12.070795
12.053184
12.132636
12.064763
12.072198
12.016681
12.043973
12.069549
12.064921
12.095791
12.137589
12.082279
12.066920
12.127585
12.044422
12.023843
12.049852
12.065947
12.100695
12.067699
12.050374
12.076524
12.061437
12.115222
12.073400
12.101760
12.065809
12.120893
12.043861
12.058836
12.093502
12.050428
12.050631
13.227447
12.163512
12.092652
12.083718
12.077782
12.047461
12.028636
12.071491
12.106489
12.058949
12.038513
12.066261
12.102074
12.053657
12.101727
12.108951
12.068190
12.043369
12.053826
12.081228
12.085903
12.099976
12.083108
12.083067
12.096756
12.103928
12.111828
12.046518
12.060382
12.119651
12.052323
12.161717
12.089423
12.084841
12.068904
12.127064
12.116155
12.118652
12.096961
12.100188
12.169303
12.076624
12.053769
12.078657
12.164929
12.072935
12.083473
12.102845
12.115335
12.086016
12.097923
13.132234
12.198768
12.107863
12.091553
12.054877
12.083358
12.144336
12.052162
12.080295
12.088803
12.135363
12.139389
12.021468
12.091678
12.129777
12.041787
12.080818
12.128226
12.069272
12.097630
12.102658
12.078975
12.101521
12.073246
12.055037
12.076298
12.080737
12.026368
12.091920
12.074948
12.084495
12.117414
12.268537
12.054544
12.071246
12.038955
12.089426
12.129725
12.072460
12.041976
12.108929
12.077870
12.140869
12.042725
12.075605
12.078727
12.037230
12.062698
12.050885
12.077685
12.046215
12.032022
12.203627
12.106743
12.106729
12.086315
12.065119
12.103704
12.075459
12.082738
12.058972
12.088589
12.067925
12.062516
12.050775
12.088895
12.130410
12.073429
12.111266
12.058856
12.097264
12.059030
12.061476
12.026037
12.060227
12.046027
12.105379
12.131715
12.060700
12.080537
12.083295
12.131076
12.103197
12.041130
12.094107
12.049421
12.080340
12.064645
12.051936
12.104136
12.070120
12.072203
12.055524
12.102006
12.091331
12.062375
12.043583
12.091499
12.066206
12.124966
12.048292
12.049479
12.167445
13.223720
12.089502
12.151145
12.092344
12.118417
12.111342
12.138000
12.053893
12.063217
12.032883
12.066260
12.139679
12.041277
12.096980
12.094337
12.048228
12.040664
12.062935
12.095745
12.088469
12.096683
12.050163
13.205706
210.944358
22.280573
14.871420
12.253478
12.085312
12.145457
12.086896
12.111352
12.122849
12.087579
12.100043
12.102859
12.075837
12.120227
12.172056
12.124066
12.074806
12.076082
12.058945
12.105102
12.150083
12.091121
12.089459
12.098210
12.065859
12.071377
12.101749
12.097324
12.094857
12.083796
12.103581
12.061628
12.110397
12.097436
12.072439
12.111834
12.107159
12.073232
12.113365
12.105552
12.145405
12.071035
12.092006
12.171006
12.070973
12.144079
12.090577
12.073210
12.106273
12.073974
12.061369
12.078208
12.067052
12.089137
12.067892
12.073414
12.059703
12.112299
12.108656
12.076692
12.119552
12.078409
12.093265
12.107968
12.087817
12.099826
12.073492
12.070881
12.089533
12.089682
12.104383
12.131757
12.075347
12.081348
12.106146
12.094315
12.075120
13.160628
12.154946
12.071996
12.070031
12.024564
12.083381
12.091901
12.076914
12.099761
12.084149
12.084136
12.120657
12.158853
12.070181
12.047812
12.064319
12.049595
12.058290
12.052716
12.100123
12.268955
12.075459
12.080695
12.145990
12.060649
12.156460
12.130356
12.064134
12.064461
12.051073
12.085641
12.051360
12.077316
12.084370
12.103611
12.064076
12.076218
12.057306
12.107596
12.080427
12.062544
12.138017
12.080928
12.120551
12.075510
12.051536
12.105122
12.114617
12.082684
12.069148
12.062988
13.099043
12.197745
12.077746
12.069946
12.135661
12.066779
12.134234
12.108488
12.102946
12.107139
12.083690
12.131105
12.087314
12.073369
12.090875
12.065705
12.107002
12.101987
12.052762
12.165146
12.077454
12.083337
12.108397
12.084751
12.108811
12.076963
12.052416
12.099509
12.081878
12.086589
12.056379
12.106389
12.082049
12.065500
12.103518
12.090590
12.136631
12.059674
12.182252
12.103313
12.049397
12.120279
12.073600
12.043655
12.046469
12.073624
12.034446
12.101095
12.102224
12.155027
12.071243
12.082403
12.188007
12.076737
12.108955
12.069131
12.102796
12.094996
12.037484
12.075697
12.051253
12.113204
12.045732
12.079385
12.119866
12.059066
12.097404
12.092790
12.052918
12.213466
12.065353
12.034844
12.075059
12.088598
12.082158
12.083749
12.077250
12.076903
12.091401
12.117615
12.168418
12.160308
12.062637
12.078027
12.094903
12.047351
12.068040
12.069930
12.114256
12.108061
12.134448
12.084337
12.074192
12.062981
