661.286766
662.161914
662.016643
661.042650
662.263500
662.024498
660.750127
660.796401
661.350782
661.455934
662.014337
661.596006
661.055649
662.092246
662.693458
661.230581
662.300064
662.031782
661.458622
661.943912
662.256597
662.291776
662.062045
662.567788
661.420539
662.958499
662.190254
661.102406
661.803808
662.177150
661.968119
662.549572
662.459639
661.654118
662.569644
661.961801
661.621011
662.241459
662.784621
661.382556
661.945219
662.382065
661.805341
662.222687
661.468085
660.608075
661.560623
661.270218
662.084940
662.034512
661.959030
662.072687
662.363290
661.706372
661.683487
662.277737
661.451717
661.809379
661.575573
661.748191
662.421449
661.960070
660.260143
662.117843
662.422852
661.223536
662.131497
661.890625
662.613057
661.645759
661.243522
661.842049
661.312989
662.127801
661.446846
662.385138
662.538539
661.182377
661.685511
661.912520
661.727520
661.788486
661.921366
661.749518
661.857728
661.322774
661.450115
662.340614
662.473800
661.613881
661.192774
662.204694
661.541856
662.202412
662.424161
662.093039
661.668817
662.090585
661.645322
661.964244
662.372844
661.735412
662.266976
661.024289
662.146334
662.737867
661.960893
661.264030
661.170222
661.149302
661.747017
662.516467
662.700648
661.342483
663.183264
662.372069
661.886824
661.999421
663.279554
662.101041
662.504641
662.395076
661.736565
662.657635
661.951618
662.261847
661.253344
662.411851
661.919712
663.027708
662.270292
661.716282
661.661604
661.509634
661.738022
662.244088
662.126366
660.677389
660.464603
661.431962
660.246771
662.266514
661.819612
661.503444
661.821437
661.223521
662.062357
662.225010
662.021051
660.841596
661.864769
662.112686
661.554262
662.384215
662.301183
661.956531
662.194018
660.962260
661.082850
661.389127
661.874036
660.852896
662.545148
661.852658
661.132922
662.020713
661.554274
661.381464
662.262117
662.378808
662.262341
663.027117
661.747001
661.633781
662.654721
663.094132
661.427951
660.985874
661.943681
661.857773
661.869962
662.329927
661.207859
661.803115
662.950900
661.501816
662.595652
662.563166
661.862767
661.716161
662.441799
661.420126
661.946109
662.547990
662.315128
660.707941
661.167445
662.414585
661.437834
662.067676
662.349932
661.498879
661.984907
662.345970
661.472156
662.260784
661.723288
662.342028
661.760878
662.548513
661.723862
661.708296
662.361403
662.674255
662.012645
662.820673
661.850060
661.700118
661.586924
662.250329
661.742033
662.366212
662.236094
661.629497
662.913129
661.969180
662.058052
662.120981
661.477803
662.019851
661.838965
662.016242
662.794721
662.190572
661.724746
661.516133
661.855612
663.051287
661.962013
662.464534
661.594359
662.035173
661.827270
662.003625
661.547109
662.169781
662.143333
662.271978
662.954990
661.635177
663.167609
661.914291
661.728160
661.909812
661.985373
662.066181
662.247442
662.161601
661.443114
662.336660
662.407392
661.654999
662.140237
661.705697
661.893589
662.154387
661.749020
661.198435
662.199073
661.696853
662.735348
662.675829
662.008209
661.670844
662.674895
662.505402
662.023803
661.878414
662.196930
661.670333
662.152357
661.948268
661.862064
661.592652
662.478308
662.032001
661.621493
662.596596
661.816946
662.399010
661.040656
660.617144
661.354584
660.803471
662.509434
662.575133
660.936017
662.263185
662.104020
662.432599
662.521689
661.607483
661.484236
662.000299
662.793209
662.587873
661.118447
662.671522
660.577309
661.424331
662.138245
660.808207
661.153976
661.861066
661.121860
661.612613
662.230504
662.071006
661.596863
662.033117
661.828685
661.569384
662.650477
662.302389
661.385489
662.255625
661.147634
661.157836
661.851373
660.792817
660.565050
663.257800
661.841451
661.403547
662.901746
661.524743
661.007879
661.755131
662.107971
661.803792
662.186152
662.255306
661.509050
661.468903
661.767018
661.375002
660.662771
661.889237
661.483580
661.722957
661.536295
661.085318
662.307680
661.462815
661.118873
661.455541
661.568088
661.165688
661.963081
660.242749
659.942990
660.438423
661.065569
661.687775
662.067162
661.789942
662.182560
662.345908
662.242967
661.759764
661.573785
662.598664
661.179899
662.227851
662.307712
661.515714
661.793484
661.273024
661.679523
662.118371
660.492296
661.012725
660.690581
660.975418
660.013747
660.418377
661.778360
660.690643
661.752927
662.102547
662.602261
662.192914
662.251240
662.267708
663.349815
662.386176
660.785360
661.973869
661.836470
661.384018
660.969683
661.790622
660.636746
661.620538
663.255840
660.633956
660.844845
662.025091
660.537417
662.243798
661.551475
660.922580
660.788216
661.337710
660.559577
661.906083
662.186388
662.049471
661.018400
661.885477
660.554670
661.526330
661.602790
661.589275
661.894966
662.062653
661.181842
662.457471
662.453717
662.061274
662.110515
661.792321
661.844860
661.814178
662.227339
661.897262
661.711856
660.915035
661.427573
662.463864
660.551078
661.786717
661.050348
661.559000
661.984872
660.706285
661.503109
662.350794
660.633330
661.277499
662.457156
661.816357
661.830734
662.093224
662.756721
661.402304
662.176229
662.683162
663.377522
661.150300
662.159067
662.006524
661.116092
662.302629
661.518137
662.305308
662.325265
661.958296
662.000303
662.243327
661.695836
662.774732
662.250870
662.734617
661.747391
661.724037
661.565883
661.815714
661.946128
662.632346
661.370639
662.362522
661.746347
661.874225
661.798385
661.201346
661.468340
662.572157
659.364010
660.499053
661.479893
659.921792
660.720148
660.712665
661.693768
661.409608
661.773151
662.151036
663.028790
661.792450
660.677479
661.719173
662.260386
661.652965
661.663498
662.640799
660.178049
662.084773
661.565391
661.767143
661.860527
661.905803
660.664169
662.341818
661.340952
661.464688
662.683103
661.164568
660.008676
661.402463
661.357385
662.535929
661.748533
661.804679
661.742111
662.371190
662.279366
661.028874
662.462961
661.947199
661.480453
662.213906
661.928519
660.851607
661.337275
660.623707
660.589524
660.824456
659.936217
661.708599
662.180022
660.712803
661.172224
662.212661
661.549939
661.860469
661.691418
660.914957
662.214048
661.345079
661.382303
661.997382
661.178686
661.770276
660.465045
661.506242
660.752490
662.579936
661.717813
661.839189
661.283158
662.668035
662.494109
663.205318
662.540594
660.365851
661.306841
661.399889
661.453019
661.443881
662.783509
661.314579
660.630538
662.308013
660.963156
661.535457
661.376138
662.705563
661.568072
662.401715
662.105479
661.608251
662.066401
661.925032
662.083452
661.743585
662.817790
661.856484
661.750073
661.256244
661.607154
662.563353
662.676882
661.439886
661.221159
661.502624
661.170951
661.651091
661.124555
662.086546
661.614001
661.290505
660.843138
661.480936
661.797060
661.428527
661.473078
660.845738
660.779465
661.476294
661.530949
661.926606
661.862272
661.795267
661.896129
661.887137
660.048094
661.662423
661.543792
661.958887
661.941800
661.050606
662.115592
661.768186
661.547456
661.539844
661.851696
661.088885
661.909446
662.607830
661.706985
661.929632
661.246324
661.771815
661.256236
661.848297
661.833705
662.342289
662.076080
662.277133
661.623980
661.524772
660.773200
662.080377
661.228231
661.392336
661.625662
661.754073
661.268500
661.329363
661.941667
661.335879
662.283688
662.539044
661.824989
662.009562
661.671809
661.410945
662.596104
661.772397
661.603344
661.868592
659.958421
660.481204
661.003512
660.251083
659.957627
661.868148
662.531583
661.773331
661.454499
661.591608
662.077363
662.173240
661.798530
661.450592
661.802048
662.047388
661.769695
662.957519
662.038503
661.131474
662.313766
661.764392
661.115081
661.687552
662.124224
661.830562
661.446056
661.648888
661.165950
661.813714
661.524944
661.062118
662.491221
660.971795
661.836632
661.801718
661.917271
661.280501
661.535140
661.571396
660.996110
663.482858
661.861926
662.316495
662.035019
661.611691
661.657600
661.675883
662.425785
662.096765
663.077411
662.000906
661.755668
661.878296
662.275204
662.349139
662.484220
662.149250
661.570304
662.964944
661.413584
662.339763
662.620901
662.224354
661.401406
661.919139
661.932480
661.534886
661.288748
661.952238
661.433727
661.024407
661.642457
662.032115
660.877030
662.327477
661.840605
660.944149
661.789903
661.168648
660.989900
662.065769
662.111429
661.768543
661.634904
662.074122
661.326109
662.311464
661.604474
661.596411
661.977860
661.798496
661.157114
661.909113
660.797346
661.782117
661.706734
662.287583
661.273096
662.246295
661.814993
661.058636
661.271434
662.637728
660.753016
661.573873
661.018755
662.461779
661.606096
662.489365
662.620789
662.231532
662.113935
662.008589
660.801133
662.192771
662.198186
661.562926
662.053025
662.071616
662.061543
662.267601
661.748043
662.195857
662.114708
661.475000
661.684930
662.505482
661.323732
661.533214
661.939478
661.334703
662.644432
662.258245
660.955426
660.902224
662.016150
661.979173
662.534268
662.254564
661.959647
662.024112
662.040082
661.389710
662.398205
662.081878
660.876637
661.815089
663.435267
661.459360
661.502032
662.298817
661.112838
660.910193
662.334485
661.160309
661.719767
662.753069
662.120355
661.254549
661.385432
660.761743
660.574531
660.681913
659.779501
660.045753
661.198589
661.746098
660.481860
661.310039
660.461813
661.910271
662.458760
661.468894
661.576568
662.704611
661.038183
661.974563
661.395662
661.926566
660.856708
661.653896
660.609653
661.599345
662.063528
660.882931
660.805007
662.273094
661.612050
660.809035
662.797262
662.335334
662.121869
663.009025
662.582550
661.666852
662.765489
661.744938
661.226579
662.582675
661.057991
661.463679
662.170132
662.081444
660.753199
662.119272
661.559718
661.664714
662.118779
661.369180
662.083058
661.893806
660.702932
662.080209
661.745754
661.164375
662.385769
661.984150
660.736932
662.612516
661.631196
661.430316
661.629870
662.139210
660.864834
661.905301
662.160117
661.740018
661.998297
661.656239
660.361629
661.338589
661.272090
661.365184
661.233968
662.521636
660.624453
661.626060
662.622741
662.304198
661.200031
662.981714
660.612354
661.493038
661.994010
661.374889
660.878603
662.279550
660.565726
661.892956
662.066961
661.451748
662.902181
661.639000
661.227853
661.786748
662.139270
661.340987
662.167211
662.233424
660.690131
662.851646
662.503992
662.186165
662.568721
662.244002
661.647714
662.053383
661.844664
661.752399
661.352079
662.941935
660.555251
661.411507
662.168005
660.622339
660.705415
662.249988
661.559282
661.619548
662.043036
661.453064
661.634271
661.864103
661.812544
662.626096
661.340219
660.919094
661.629523
662.135558
661.834479
662.261583
662.247233
661.848611
661.510107
663.414785
660.096741
662.321579
662.687994
661.738577
661.371800
662.937996
661.124551
661.896025
661.354556
660.330428
659.835181
661.902017
660.206479
661.067842
663.042314
661.584378
661.347319
662.294455
660.528782
662.416946
661.614953
661.861270
661.634292
661.251087
662.664898
662.038798
662.640108
661.836571
661.379096
661.076955
661.167384
662.547689
661.247601
661.898441
662.068457
661.705825
662.483190
662.234760
662.253631
661.895733
661.719786
662.175312
