12.105486
12.027625
12.058870
12.081188
12.091258
12.079170
12.119331
12.137778
12.079006
13.158341
12.098585
12.070993
12.095890
12.076697
12.109676
12.071476
12.076017
12.075514
75.676748
12.169210
12.091298
12.122302
12.140212
12.034152
12.079682
12.109528
12.029652
12.051214
12.045906
12.060072
12.089729
12.079619
12.041624
12.043709
12.093165
12.047694
12.063814
12.068003
12.069733
12.108571
12.164555
12.063768
12.074254
12.053130
12.064042
12.089006
12.093719
12.102504
12.041786
12.058841
12.058704
12.078532
12.086684
12.085980
12.094184
12.061935
12.091974
12.072597
12.007378
12.057382
12.066015
12.187082
12.092551
12.061484
12.052431
12.079439
12.102180
12.104098
12.086902
12.096672
12.123465
12.099696
12.071994
12.055523
12.077628
12.075666
12.065441
12.028853
12.069623
12.104674
12.062645
12.127206
12.080021
12.107438
12.089701
12.076754
12.065191
12.074026
12.068855
12.075446
12.083058
12.058835
12.052937
12.096576
12.080076
12.044091
12.072786
12.042999
12.096308
12.096159
12.074639
12.030218
12.056919
12.092134
12.055143
12.046048
12.097299
12.072234
12.133046
12.074770
12.118899
12.057635
13.181212
12.132409
12.071608
12.081172
12.134569
12.054822
12.119607
12.142975
12.025128
12.102921
12.076156
12.077374
12.086053
12.035173
12.091382
12.090085
12.089916
12.065469
12.071261
12.048399
12.003876
12.051663
12.080266
12.114484
12.049775
12.090913
12.059897
12.074505
12.019586
12.078585
12.064653
12.095436
12.098394
12.150314
12.056815
12.056945
12.098737
12.091687
12.082051
12.059482
12.036469
12.077395
12.073386
12.063408
12.104747
12.077064
12.107384
12.106884
12.090543
12.097779
12.094019
12.061968
12.128940
12.086647
12.098221
12.087118
12.070382
12.069575
12.083242
12.094027
12.082854
12.107105
12.077273
12.229454
12.089736
12.093301
12.059738
12.034738
12.113019
12.061140
12.120347
12.061991
12.043716
12.121718
12.097681
12.089731
12.092640
12.085671
12.113902
12.109582
12.035290
12.069704
12.069888
12.056033
12.070699
12.089150
12.098335
12.091881
12.069918
12.120468
12.073398
12.072486
12.086220
12.122280
12.099340
12.024147
12.048748
12.044716
12.060032
12.076903
12.070356
12.058275
12.053409
13.183490
12.107393
12.066626
12.085737
12.027625
12.097051
12.025117
12.201837
12.123515
12.097379
12.116486
12.091102
12.035326
12.048510
12.068802
12.078638
12.045979
12.075239
12.134380
12.053862
12.070607
12.084010
12.059794
12.074731
12.072828
12.056911
12.066882
12.054695
12.068079
12.041211
12.070699
12.064323
12.124138
12.104961
12.090828
12.104498
12.001094
12.079439
12.048530
12.054312
12.066485
12.044610
12.113910
12.071568
12.074959
12.110850
12.070023
12.065583
12.089886
12.054075
12.105755
12.044239
12.119104
12.113974
31.151036
12.140914
12.075542
12.080088
12.090996
12.052748
12.123469
12.079789
12.105090
12.102711
12.080095
12.022665
12.094717
12.131090
12.099343
12.044282
12.073824
12.064654
12.078016
12.065072
12.060865
12.103149
12.085944
12.081716
12.096861
12.054149
12.068059
12.110876
12.085082
12.078175
12.031872
12.093355
12.037829
12.023545
12.025724
12.065496
12.081900
12.074288
12.084949
12.069108
12.034670
12.127322
12.097633
12.077783
12.068544
12.147486
12.084476
12.056125
12.097055
13.157275
12.128894
12.012640
12.077722
12.079722
12.061464
12.091996
12.158042
12.106639
12.094241
12.052811
12.093493
12.083301
12.045239
12.085640
12.064439
12.073832
12.080289
12.064417
12.044416
12.102228
12.070924
12.107318
12.096556
12.146011
12.076594
12.045983
12.019378
12.069108
12.045749
12.048287
12.080384
12.079382
12.094169
12.098071
12.090894
12.075126
12.066584
12.117697
12.111977
44.496210
12.274255
12.229886
12.173978
12.127746
12.108748
12.124301
12.121357
12.089008
12.155961
12.088634
12.114583
13.320367
12.077893
12.119328
12.116684
12.102161
12.110168
12.058103
12.062779
12.109658
12.087519
12.058481
12.122637
12.152970
12.095633
12.096979
12.125484
12.059130
12.156052
12.096532
12.112253
12.051229
12.109197
12.105050
12.096267
12.100504
12.094615
12.129476
12.139896
12.111768
12.139893
12.064018
12.083213
12.114710
12.041623
12.090633
12.092744
12.108104
12.098612
12.073246
12.087083
12.081406
12.100787
12.069190
12.111477
12.104517
12.064519
12.126070
12.157557
12.092642
12.107335
12.077976
13.163356
12.172133
12.113673
12.051922
12.154891
12.103105
12.100612
12.132555
12.112378
12.141140
12.189636
12.110324
12.094497
12.081467
12.062718
12.080558
12.121886
12.062969
12.086774
12.059974
12.129146
12.099006
12.079722
12.118230
12.114922
12.104428
12.090716
12.071847
12.108272
12.058800
12.077567
12.081227
12.097555
12.069830
12.103835
12.118890
12.112677
12.183604
12.120752
12.085839
12.071088
12.139277
12.091957
12.085624
12.084833
12.106271
12.104915
12.104601
12.106707
12.113090
12.108638
12.055985
13.337166
12.134263
12.082312
12.163882
12.108966
12.143765
12.114561
12.066816
12.064052
12.099626
12.116535
12.163218
12.087679
12.133922
12.138154
12.096189
12.103740
12.136601
12.102593
12.108834
12.085934
12.136536
12.088898
12.108732
12.081553
12.110842
12.154726
12.054656
12.139904
12.117346
12.124655
12.149764
12.160250
12.136964
12.067816
12.108958
12.096492
12.094429
12.077045
12.051125
12.087923
12.053551
12.079280
12.055128
12.075331
12.115996
12.070289
13.113386
188.782390
17.243006
15.875656
12.315190
12.128643
12.114282
12.119549
12.127305
12.101230
12.107032
12.048083
12.096554
12.129447
12.090928
12.091277
12.084303
12.094391
12.107308
12.034287
12.058156
12.129111
12.064699
12.105855
12.071810
12.128830
12.082260
12.119774
12.134482
12.084135
12.113217
12.139265
12.114649
12.119976
12.122653
12.096230
12.095813
12.054496
12.074874
12.079974
12.043870
12.094974
12.090850
12.068268
12.079970
12.103609
12.065221
12.068033
12.069932
12.240608
12.057564
12.018865
12.115350
12.090117
12.064704
12.246856
12.059341
12.136882
12.123366
12.095089
12.078226
12.093513
12.219497
12.096524
12.080596
12.104006
12.071476
12.100614
12.115297
12.084117
12.120913
12.084297
12.068460
12.122124
12.064292
12.030614
12.133849
12.109478
12.058126
12.102056
12.110273
12.077734
12.097842
12.082356
12.065960
12.127234
12.053558
12.110746
12.086364
12.071034
12.111054
12.064481
12.095757
12.057767
12.113057
12.086362
12.043180
12.085169
12.099192
12.070431
12.141145
12.049591
12.103467
12.105791
12.055855
12.126571
13.156930
12.154922
12.114259
12.102668
12.054037
12.057261
12.042626
12.065323
12.101350
12.083134
12.090791
12.058748
12.065068
12.118069
12.094422
12.058670
12.142346
12.091214
12.096752
12.090459
12.167212
12.096658
12.032741
12.079537
12.076517
12.061505
12.087351
12.120312
12.100395
12.088170
12.081506
12.196422
12.044741
12.102135
12.140070
12.108971
12.101584
12.066387
12.095762
12.102162
12.108987
12.082827
12.078176
12.109274
12.110907
12.120168
12.094371
12.090511
12.091501
12.055232
12.084014
12.060317
13.349902
12.122843
12.080288
12.078965
12.117401
12.101518
12.088431
12.124116
12.078478
12.061132
12.099660
12.099780
12.061661
12.050373
12.098771
12.080717
12.106282
12.076480
12.024123
12.091752
12.054851
12.062200
12.055177
12.106995
12.121270
12.082440
12.063328
12.099859
12.099287
12.108145
12.060246
12.108712
12.104023
12.089735
12.092968
12.080917
12.107835
12.060363
12.138115
12.120098
12.112310
12.104633
12.166700
12.076381
12.131386
12.067117
12.057201
12.084564
12.082071
12.113043
12.063184
13.168151
12.166457
12.116595
12.110841
12.029234
12.183584
12.055553
12.053786
12.088088
12.091022
12.093614
12.077525
12.066131
12.034803
12.050811
12.072243
12.119011
12.124023
12.060309
12.114577
12.086479
12.057675
12.045103
12.049791
12.066696
12.086295
12.086929
12.103355
12.108341
12.128659
12.146299
12.072800
12.101211
13.226467
193.910032
22.274437
14.954839
12.235828
12.151616
12.122904
12.121189
12.191004
12.115594
12.192045
12.127003
12.086852
12.105803
12.136175
12.154191
13.307186
12.136672
12.122074
12.157990
12.141762
12.165953
12.172965
12.112773
12.095270
12.127049
12.113008
12.095840
12.101652
12.109641
12.133342
12.097874
12.173765
12.137396
12.096781
12.098628
12.131999
12.084611
12.079138
12.091814
12.116280
12.089183
12.104132
12.114265
12.165586
12.139634
12.136765
12.189118
12.052763
12.079380
12.106394
12.107841
12.118429
12.094097
12.087047
12.087831
12.088479
12.128702
12.088850
12.116628
12.132630
12.136757
12.082618
12.070349
12.107357
12.079681
12.106906
12.094628
12.188596
12.124056
12.068876
12.134410
12.106203
12.108983
12.111736
12.180306
12.099338
12.108458
12.071850
12.123584
12.087492
12.101504
12.099009
12.042427
12.080436
12.098672
12.099568
12.068066
12.142338
12.119600
12.058046
12.084256
12.109678
12.083516
12.091621
12.090786
12.106696
12.093215
12.266609
12.126405
12.075650
12.115821
12.078465
12.113599
12.072567
12.041405
12.156218
12.088450
12.085617
12.059516
12.090092
12.079185
12.051219
12.066247
12.071836
12.115678
12.075370
12.096190
12.073420
13.229809
12.192288
12.111568
12.075522
12.086303
12.097312
12.093593
12.121374
12.111903
12.092444
12.122205
12.082037
12.116566
12.082110
12.060762
12.092399
12.143192
12.113099
12.098127
12.098316
12.105636
12.086997
12.103650
12.084215
12.099283
12.090141
12.080806
12.073685
12.100455
12.108209
12.157945
12.100413
12.102435
12.147401
12.106233
12.041684
12.060338
12.098736
12.078240
12.125167
12.105769
12.082171
12.088597
12.064317
12.108722
12.077425
12.090748
12.109206
12.107436
12.092181
12.076666
12.098446
12.199617
12.122808
12.135172
12.070689
12.102935
12.141062
12.126628
12.082535
12.099937
12.155119
12.223370
12.063637
12.083897
12.108278
12.113800
12.078756
12.087799
12.104050
12.077767
12.091098
12.115975
12.088085
12.111454
12.109683
12.117846
12.117172
12.101636
12.258431
12.090945
12.114409
12.045447
12.108036
12.143490
12.087207
12.109905
12.124767
12.109707
12.116009
12.109934
12.117011
12.132628
12.124734
12.083844
12.031464
12.092923
12.125573
12.070210
12.101829
12.072224
12.084225
12.131988
13.238552
12.175135
12.106283
12.106743
12.139470
12.136623
12.095290
12.129917
12.085501
12.120768
12.103845
12.092979
12.053235
12.102469
12.140283
12.108939
