660.337381
661.233066
662.214086
661.330855
661.463504
661.227666
661.189386
662.213659
661.235444
661.982600
662.251488
660.926104
661.479105
661.827372
660.882413
662.113756
660.879509
660.855515
660.882892
661.542433
661.032782
662.037092
662.032286
662.600387
661.871713
661.870253
661.356103
661.375823
662.175090
661.441014
661.073116
663.187148
661.228825
661.440393
661.242273
662.163613
662.071418
662.383749
661.780672
660.944120
660.963413
661.649495
660.622788
661.549466
661.194130
661.521773
662.370645
661.910572
661.029801
661.259994
660.968530
661.489418
661.266396
661.394238
660.988136
662.030437
662.091816
660.761338
660.256366
661.615702
660.709760
662.818556
662.834764
661.932864
661.944733
662.299940
660.077593
660.815132
661.827827
660.431246
661.639097
661.405741
660.510755
661.593616
661.762448
661.512511
660.926971
662.046674
661.371845
661.244656
661.382355
661.394539
662.235539
661.184812
661.799849
661.893251
660.770837
661.174318
661.393747
661.116715
661.219037
660.756544
659.499545
661.595742
660.157856
662.183535
661.044950
662.258286
660.649650
660.840754
661.315225
661.012823
661.233168
661.836231
660.489369
660.215292
661.838863
661.903646
661.669616
661.367678
662.458998
661.842138
661.841979
662.568680
661.345839
661.773049
661.436994
661.065384
661.815265
662.301863
661.843128
662.024668
661.819675
660.688646
661.662061
662.060553
661.516959
661.419260
662.761783
661.398394
661.989971
660.525647
661.696085
661.872095
661.591102
661.519396
661.477887
661.650111
660.853420
662.225902
660.608456
662.224659
662.065984
661.980517
662.038954
661.506721
661.381083
661.395861
662.269915
660.661861
662.011212
661.729811
660.502563
661.829740
662.702565
661.747268
661.566768
661.421393
660.636914
661.967407
662.594624
661.470112
661.895855
661.536246
662.187880
661.614889
661.608662
661.302730
663.329872
660.864977
661.217113
662.701058
662.157407
661.277909
661.860416
662.208823
661.413467
662.201547
661.208823
662.198058
662.165522
661.121002
662.213521
660.637029
661.720331
660.702298
661.870197
661.699150
659.876774
662.377311
661.498920
662.078818
661.513139
661.988954
660.983963
662.016968
662.136079
662.146376
661.935509
661.754573
660.881605
662.207678
662.030797
661.590503
661.450953
662.305334
660.826100
661.375015
661.906233
660.611939
662.089823
662.764776
662.028742
661.242241
661.850515
660.819972
659.753480
660.778795
661.547598
660.174961
661.321978
660.963615
661.150936
661.703304
660.646905
661.719111
662.167710
661.161507
662.079217
661.931439
661.505189
661.802103
662.673686
661.455442
661.943989
662.794238
659.944784
661.129244
661.502822
661.000572
662.159244
662.500581
661.495518
662.317235
661.730757
660.564329
662.378841
661.939304
661.816008
661.827411
661.257580
662.062308
662.011608
661.071788
660.932009
662.524424
662.191397
661.093690
661.501879
661.450489
660.957792
661.499470
661.834931
659.936616
660.469753
660.986522
659.626040
660.652952
660.777649
661.074327
661.613545
662.079699
661.873967
661.806482
662.623168
662.066447
662.073592
661.496113
661.089482
661.950905
660.861702
661.650500
661.062358
662.002530
660.721489
661.810320
661.263177
661.750054
663.055162
662.452813
662.108635
662.041446
662.250605
662.027256
662.345240
661.347898
660.675209
661.623530
661.736412
661.761457
661.026351
661.754204
661.375620
662.247753
661.536422
662.002228
661.313976
662.299815
662.604501
661.650801
662.903878
661.864195
661.312966
661.439614
661.374472
662.667025
661.861405
661.406464
661.920046
662.057149
661.730470
661.317645
661.223200
662.152713
662.017590
661.690004
661.266902
662.834621
662.176442
661.745343
662.228450
661.956726
661.527694
662.373858
662.963093
660.872999
661.879755
661.483843
661.092725
661.949282
661.239470
661.166500
660.044319
661.418359
660.899976
661.319792
661.592120
662.413274
660.981750
662.403420
661.873893
661.065132
662.745056
661.316291
660.893393
662.467678
661.463771
661.420938
662.212361
662.287776
661.990560
662.579041
661.849831
660.568122
662.301607
662.878333
660.917918
661.551511
661.492986
661.000538
661.628093
661.108459
661.125383
662.539746
661.136290
660.575157
662.660433
661.506196
660.704953
662.062135
661.355516
662.038547
662.540666
661.529867
660.201005
662.379997
660.745185
661.888078
661.716382
661.053600
661.053182
662.533265
661.491000
662.182085
662.541939
661.434980
661.364028
661.672190
660.380464
662.258694
661.400582
662.706221
661.407817
662.242265
662.041037
661.934068
661.234382
661.836436
660.839242
662.527438
661.004031
661.243479
661.986604
661.605201
661.218851
662.090421
662.468776
661.792108
661.408988
661.238642
662.189444
661.227520
661.541403
661.555435
661.873794
661.764689
662.145244
661.872435
662.010193
661.363850
661.757060
661.505004
660.967569
661.401466
660.420010
662.372466
662.144499
661.597199
661.463357
662.065652
661.821728
662.388607
662.338771
662.276588
661.187515
662.587085
662.417250
662.272906
662.118036
661.709610
661.996212
662.025155
662.926564
661.439505
661.604669
661.822153
660.408276
661.350161
660.716827
660.905828
660.827310
661.497205
662.466675
661.384376
661.430519
661.288835
661.570613
660.926515
661.104946
661.922261
661.291398
661.796744
661.891449
661.904663
661.645515
662.287834
661.081660
661.874000
661.613006
661.192143
661.854010
661.228138
662.308287
662.164111
660.848326
663.072669
661.702269
661.958416
661.598967
662.068658
661.257760
661.569352
661.459777
661.553149
661.944678
661.682116
662.248182
661.946584
661.275501
662.482022
661.881967
662.331361
660.339344
662.073194
661.526118
661.600749
661.630834
661.126784
661.511502
661.096426
662.178119
661.568778
661.982528
661.311408
661.568801
661.571437
661.703513
661.134310
661.491723
662.498391
661.423091
661.692298
663.522617
661.024313
661.949355
661.868336
662.639549
662.490677
659.906309
661.152259
660.258409
662.378072
661.907484
661.816914
661.791944
661.408837
660.554963
662.101977
661.283179
662.059911
661.219278
660.760210
661.788200
662.306536
662.060627
662.175078
661.817763
662.407377
660.281060
662.002803
661.806135
662.186801
662.298770
661.857232
662.000898
661.500195
660.603804
661.608775
661.537736
661.463259
661.558460
661.546955
661.300523
659.875989
660.772370
663.731532
660.428382
662.236717
660.509641
661.719657
661.489369
662.539703
660.849997
661.912064
660.577989
661.922077
661.093416
661.215856
661.107292
662.161685
661.934260
661.849444
661.762137
661.737113
662.283055
662.139996
662.121756
661.310998
662.072053
661.918137
661.509580
661.825008
660.292057
661.545232
662.004311
661.950876
661.805555
661.944063
660.623665
661.723745
662.591747
661.666086
660.834906
661.062950
662.087466
661.120752
660.997376
660.676509
660.887319
662.813630
661.451472
661.850629
661.408069
660.991346
662.137515
661.262203
661.019122
661.370607
661.770649
662.014430
660.729912
662.106094
661.667663
660.914204
660.833276
660.622973
660.475461
662.477265
662.496005
661.484236
662.365623
661.471502
661.547751
661.933238
661.230188
662.050109
662.198230
661.735712
661.674610
661.901245
660.754452
662.006640
661.446264
661.588144
662.710982
661.389004
662.456011
662.249767
661.565549
661.199058
661.187336
661.807156
662.311480
662.706024
662.138016
661.015151
661.654416
661.920635
661.566656
661.919378
662.379403
662.249744
662.143434
662.967465
662.709151
661.732425
662.396837
661.825190
662.793932
662.839883
660.973451
662.376192
663.033955
662.766743
661.787725
662.581214
661.379972
662.850736
662.183111
662.445929
661.689232
662.294147
661.860450
661.951892
663.029496
661.737099
661.879690
662.771921
661.675160
662.331585
661.959021
662.012845
661.343381
662.283481
661.501819
662.093208
662.234598
661.744106
661.708895
662.692625
660.778716
662.677656
662.543273
661.483943
662.801159
662.338154
663.144860
662.411583
662.120358
661.624738
661.984205
662.064193
661.334196
661.884212
660.930666
661.429740
661.631663
661.962513
661.618535
662.551974
661.756431
661.857617
662.565692
661.875233
661.800845
662.055065
662.276069
661.996613
662.387165
661.942142
661.940383
661.978555
662.693385
661.731357
661.413324
661.859317
661.509919
661.967804
662.033687
662.399812
662.086487
662.528551
661.805422
662.216234
661.769891
661.886332
662.319410
661.894803
661.655048
661.730721
661.813162
662.887894
662.341246
661.834494
661.876381
662.390504
662.592467
661.594565
662.178411
661.419898
662.274306
662.457072
662.564683
662.274169
662.380113
662.298065
661.995960
662.218548
662.043686
661.637041
661.337692
661.813633
661.989954
660.858671
662.261080
662.737047
661.944956
661.685207
662.157258
661.778601
661.764891
662.940815
661.733129
662.175317
662.289411
661.557329
662.281512
662.369045
662.750671
661.642823
661.570027
661.846103
662.317479
662.311960
661.203119
660.792894
661.230470
660.335756
660.689146
660.735571
661.721655
662.060065
661.814482
660.620096
661.799791
661.741884
662.418242
661.555048
662.157181
661.423752
661.944934
661.473524
662.028330
661.940923
661.922467
661.881464
662.198217
661.042489
661.190361
662.238117
661.579476
660.446932
662.299450
661.206523
662.156690
662.104720
662.495962
661.896671
662.483818
662.027092
661.975561
662.976066
662.228002
662.188110
662.107772
662.661039
661.181410
661.978619
661.974674
662.080877
661.995399
662.016928
661.828668
662.420386
662.163496
662.713351
662.930792
662.418084
661.786158
663.047409
662.349453
662.054488
662.619144
662.957468
662.024091
662.064177
661.686772
661.851280
662.194103
661.700532
662.198029
661.868162
661.768631
661.393089
661.971326
661.521140
661.756659
662.159002
662.132857
661.997433
661.228453
662.765470
661.696949
662.327448
662.159263
661.730465
662.735769
661.901609
662.014870
662.195619
661.459230
662.901135
662.228181
662.509237
661.624500
663.036163
662.618292
661.985385
662.718002
661.307204
661.741147
662.677890
661.852482
662.073847
662.195771
662.438284
661.543550
662.402846
661.291939
662.007850
662.419461
661.624807
662.422257
662.369581
662.158497
662.564697
662.195746
662.072000
662.147856
662.137011
661.676463
661.702456
662.012863
661.601486
663.932523
663.100716
661.639555
661.962983
662.541563
661.736513
661.552085
662.234552
661.751623
662.226637
661.687952
662.273886
660.933523
661.884923
662.263165
661.377740
661.918630
662.304118
661.457639
662.689071
663.018701
661.549284
661.750997
661.772487
661.041125
663.076154
661.322520
662.208940
663.061013
662.225295
661.294935
662.168657
660.924794
662.230117
660.963832
661.421548
661.854444
662.608055
661.953914
661.797625
662.164064
662.327473
662.007128
662.188028
662.230857
662.548313
662.460908
662.342310
662.259224
662.350737
660.354427
661.836882
661.995230
661.662117
663.952870
661.664995
660.716509
662.224089
661.730587
661.986960
661.821525
662.515364
661.556257
662.696763
661.715550
662.368063
662.197696
662.035411
660.457349
662.240768
661.712179
661.526994
661.763175
661.992394
662.222716
661.839130
662.815287
663.052341
662.184662
662.214858
661.853854
661.778011
662.174684
661.916645
662.309449
662.537769
