509.077444
509.568158
508.300560
505.023442
504.743600
507.054864
508.991184
508.630776
508.139666
505.346265
505.162346
509.555083
508.974306
508.742967
504.667650
504.877813
505.047796
512.075971
508.451643
508.737322
505.010821
505.390958
506.383160
509.007798
507.870110
507.468422
505.130099
504.931816
509.137962
508.669607
508.502208
504.712337
504.842473
505.293424
511.611796
508.989164
508.129161
504.710896
505.204285
505.664910
508.594313
508.209119
507.485562
504.804692
505.645397
508.704745
509.015626
508.041729
506.996039
504.668561
505.679067
511.577686
509.101922
508.731977
505.248619
505.538171
505.900276
509.710823
509.413190
507.967528
505.605644
504.782895
507.319249
509.918073
508.502319
507.712465
505.040250
504.938967
510.978631
509.004199
508.586058
504.904566
505.618238
505.294609
509.173524
508.600839
507.945650
505.856328
505.525554
507.847978
509.571070
509.229103
507.570999
504.707856
504.890093
509.150621
509.570299
508.550646
504.876802
505.319781
505.154198
509.640157
508.837120
508.101826
505.153320
504.594299
506.674821
508.950653
508.613135
507.555046
504.763643
505.162551
508.756294
509.892336
508.266492
505.534109
505.110645
505.739899
511.721327
508.739982
508.312102
504.548214
505.112150
505.505410
509.577864
508.671567
508.268047
505.839046
504.696135
508.869319
509.133558
508.691761
507.973289
505.605553
505.199153
511.111267
508.829695
507.831796
505.281487
504.947157
506.035920
510.080203
507.975594
507.829773
505.140683
505.065052
508.897590
509.345400
507.945897
507.668729
505.214410
505.675625
511.309605
508.918136
508.202040
505.231022
505.716167
504.992650
509.446869
508.948473
507.888718
505.623047
504.812619
507.916622
509.250553
508.758258
507.979038
505.180052
505.552116
511.481167
508.760899
508.393868
504.503427
504.906571
505.738005
509.689871
509.344362
508.146438
504.492557
504.970869
507.797507
509.818483
508.891228
508.036839
504.443270
505.255280
509.328672
509.124541
508.643521
505.192559
504.621610
505.315773
510.414826
509.329471
508.478232
504.978115
505.190786
505.873421
509.632509
509.130939
508.423340
505.334172
505.418077
509.269527
509.257288
508.859399
507.589581
504.659182
505.731134
511.699319
508.908629
508.564965
505.357007
505.410316
506.233385
509.314068
509.000034
507.800798
505.217319
504.865596
508.380244
509.796859
508.565915
507.837897
505.206749
505.243141
511.766680
509.939338
508.716822
504.635657
505.350343
505.185272
509.391146
509.200237
508.176026
505.285877
504.582056
507.492978
509.074610
509.342413
508.072440
505.094569
505.191880
511.879525
509.058098
508.263024
505.145840
504.876182
505.709155
509.563555
509.182196
508.200127
505.025930
505.177619
507.997742
509.531059
508.663652
508.169661
505.323758
504.609362
509.051418
509.305783
509.033100
505.077521
505.109105
505.392751
512.338260
508.846858
508.040826
504.878210
505.186699
506.279826
509.581545
508.962793
507.749065
504.777328
504.895616
509.340835
509.049910
509.417979
506.990524
505.784228
505.121358
511.805428
509.060922
507.862805
504.933459
504.666042
505.172794
509.399225
508.772936
507.900021
505.827776
505.163703
507.961946
509.701881
508.827269
507.897941
504.676644
505.661255
512.170841
508.959461
508.329261
505.643107
505.699042
505.964415
509.673866
508.833155
508.118999
505.831234
505.923465
508.021736
509.433421
507.827639
506.855358
505.346033
505.171048
511.181541
509.056774
509.212368
504.629410
505.073946
505.178018
509.464080
509.368202
508.306132
505.451211
505.767377
506.956443
508.785964
508.818470
507.167354
504.970002
505.103133
509.327940
509.503737
509.111484
505.092089
504.915230
505.652304
511.549104
509.301536
508.598785
505.288760
505.102931
506.636421
509.300059
508.840419
508.330289
504.759389
504.577418
508.658710
509.002765
508.442819
507.328798
504.920903
505.207180
511.797046
509.302216
508.466516
506.082489
505.049419
506.832117
510.025697
509.127990
507.727051
505.225398
505.508465
508.004175
509.576390
508.446614
508.054000
505.228792
504.835043
512.188163
509.017548
508.717601
505.144925
504.743274
505.713992
510.032049
508.444063
508.882356
504.762320
505.440400
507.191135
509.403070
509.135206
507.790121
505.731095
505.451662
508.858603
509.151819
508.855739
504.998097
505.243726
505.182980
511.115026
508.767111
508.217456
505.026158
505.482276
509.266824
508.859381
507.964406
508.082062
505.639116
505.679784
511.792043
509.924172
507.898012
505.146197
504.814997
506.334461
509.967362
509.192355
507.538426
504.544910
505.490319
507.685548
509.880279
509.048691
507.293595
505.252604
504.813902
511.210813
509.918280
508.282345
505.511395
505.243415
505.116347
508.875589
508.962109
507.682804
505.097428
505.597279
508.128432
510.247640
508.991479
507.790383
505.652363
504.588789
511.539696
509.671643
508.711379
505.584140
504.836843
505.355538
511.517270
508.606284
508.468189
504.373631
505.407317
505.610652
509.406854
508.626733
508.060278
504.954850
504.755894
509.126610
509.070355
508.186459
505.624297
505.427387
509.543254
508.950055
508.758011
505.111701
504.858908
505.205179
512.122823
509.277751
508.433825
505.046023
505.033303
505.983501
509.428247
509.152591
507.739809
505.001241
505.055485
508.983616
510.210542
508.769627
507.351960
505.343666
505.685285
512.464806
509.201630
508.839016
505.029979
504.896778
506.334813
509.333295
508.967106
507.898557
504.794711
505.386001
508.163218
509.477657
509.063511
507.655894
504.566180
504.775891
512.159132
509.016512
509.520316
505.075734
504.572214
505.152501
509.440221
509.434276
509.070030
505.736824
505.341409
507.282989
510.060418
508.604587
507.841826
504.996765
505.243930
509.561405
508.273496
508.830272
504.988129
505.323942
504.794461
512.464993
509.966437
508.488256
505.553550
504.782902
506.494507
509.664807
508.469822
508.398922
504.899430
504.672701
508.745947
509.577382
508.247415
507.558377
505.464549
505.942147
511.388445
509.268006
508.396106
504.478098
505.369803
506.242843
510.282965
509.695372
507.910271
505.343484
505.524392
508.893890
509.845163
509.359487
507.120988
505.065024
505.404812
511.736284
509.505824
507.911587
505.353491
505.547057
505.707153
509.540304
509.474849
508.565972
505.222145
505.001467
507.177293
509.435523
508.311032
507.676274
505.142026
505.166360
509.419627
509.560995
508.404377
504.937877
505.378913
505.181702
512.347166
508.628666
508.136914
504.929576
504.988397
506.637909
509.450017
509.042920
508.807420
505.084937
505.736757
508.001930
509.445772
508.634833
504.916485
505.219104
505.628714
512.211640
509.468032
508.488109
504.848628
505.451326
506.372848
509.606476
508.755455
507.987663
505.195961
504.776385
507.931611
509.590318
508.126386
507.383937
504.339295
505.571137
513.276221
508.685723
509.042481
505.571217
505.163072
505.770960
509.322517
509.111079
508.451049
505.272325
504.649705
507.703949
509.724333
508.307278
507.702981
505.386965
505.867194
509.216660
508.915355
508.291173
505.563559
504.475214
505.183975
511.539016
508.295617
508.228505
504.880634
505.747079
506.721976
509.053553
508.895208
508.076749
505.101980
504.874700
509.140144
509.806808
509.207394
507.504239
504.905165
505.438530
511.389260
509.890631
507.871066
505.247124
504.559538
505.949001
509.350030
508.761858
508.105871
504.634149
504.847818
508.598532
509.865279
509.153035
507.758862
504.783795
505.404184
511.864572
509.714453
508.655169
504.437884
505.463054
505.578272
508.937425
509.285145
508.095749
505.370571
505.432658
507.661211
508.971101
508.879121
508.137702
505.596811
505.456807
511.730966
509.248577
508.184155
504.234755
504.909054
505.433233
509.890445
509.283921
508.091986
505.037387
504.614444
507.852288
509.802581
509.328409
507.612066
504.676324
504.968698
509.856295
509.690927
508.478245
505.256789
505.415546
505.517240
511.755829
508.733325
508.162009
505.223636
504.809066
506.447020
510.006196
508.653424
507.794807
504.776848
505.029372
509.322480
510.211340
508.285944
507.845258
504.771711
505.628944
511.784295
508.993282
507.988583
505.215809
504.936278
506.667697
510.077054
509.442834
508.078168
505.380230
504.889960
507.537465
509.521053
508.315516
507.311842
505.306605
505.138215
511.257610
509.737463
509.057356
505.097569
506.002690
506.158711
509.947466
509.616097
508.734892
505.596619
505.270188
507.563654
509.370819
508.989603
508.351233
505.366207
505.153408
510.525363
509.424919
509.025208
504.316853
505.815419
505.386638
510.066193
509.276685
508.694914
504.816976
504.930375
507.759239
509.424193
508.628407
508.091056
504.989426
505.306127
509.486310
509.276680
508.698064
505.956567
505.090507
505.276048
512.115573
509.126399
508.242221
505.469079
504.691306
506.305084
509.524457
508.841560
508.117444
505.572928
505.693642
508.606029
510.270850
508.501592
507.820754
505.271122
505.337231
512.052067
509.805659
508.632069
505.214037
505.059178
506.047431
509.691305
509.441682
508.840394
505.058456
505.243394
507.460950
510.073103
508.725866
508.020035
505.376718
505.164542
511.039140
509.437423
508.636072
505.385782
504.796590
506.077261
512.061836
509.393579
508.537807
505.268499
504.119202
506.500681
509.709036
508.688001
507.835521
505.422692
506.011369
510.298958
509.815046
508.682498
505.258763
505.327214
506.102237
512.008942
508.767794
508.550244
505.554134
505.511797
505.956841
509.459207
508.254086
508.684936
505.523734
505.522583
508.150270
509.321593
508.918272
507.433106
505.381586
505.611989
511.435111
509.779227
508.667354
505.353417
505.227035
505.963704
509.482406
509.179867
508.025824
504.951965
504.254183
507.484302
509.032318
509.010636
507.497638
505.750641
505.612691
509.881605
509.030459
508.520680
505.056934
505.741111
505.257772
511.300093
509.143754
508.493559
505.735896
505.104477
506.876156
509.889429
509.135800
507.435321
505.015722
505.630401
509.183852
509.240574
508.732449
507.596870
505.275824
505.688948
511.733996
508.924203
508.308065
505.192631
505.247386
505.773297
509.428606
508.939834
508.003958
504.926804
504.910127
508.373906
509.677821
509.184305
507.152232
505.403671
505.730029
512.347148
509.478888
508.592217
505.179975
505.194286
506.223368
509.620295
509.918748
508.399758
505.199874
505.697912
508.208492
509.955299
509.284542
507.651765
505.439972
505.242017
508.854815
509.088841
508.279159
505.750279
505.157761
505.379703
511.240335
508.793788
509.246674
505.456182
505.928629
506.398596
509.737698
508.765473
508.404183
505.338173
505.101199
508.368769
508.482047
508.123275
508.475514
505.479067
505.713968
511.205847
509.808753
508.238764
505.027538
505.240340
506.162686
509.729020
508.676952
508.043340
505.745174
505.651685
508.099602
509.093262
509.403033
507.478240
505.161049
505.645407
511.795456
509.563682
508.586480
505.528198
505.181920
506.018080
509.810329
509.082335
508.793721
504.775403
505.286096
507.090501
510.111444
509.387136
508.164692
505.624158
504.993025
508.941801
509.859599
509.247238
505.528952
505.394841
505.584654
511.846323
509.566345
509.226615
505.099661
504.986668
505.435737
509.612747
509.510366
507.967067
504.780922
