0.086536
0.085483
0.085747
0.085029
0.085876
0.085094
0.085499
0.085868
0.085549
0.085361
0.085585
0.085807
0.085282
0.085096
0.085999
0.085942
0.086588
0.085369
0.086438
0.085449
0.085925
0.085589
0.094376
0.085357
0.086061
0.085394
0.086040
0.085204
0.085784
0.085548
0.085632
0.085073
0.085309
0.085064
0.085969
0.086364
0.085118
0.086604
0.086020
0.084958
0.085159
0.086575
0.085610
0.085293
0.085361
0.086711
0.086800
0.086891
0.085473
0.085302
0.086862
0.086437
0.086217
0.085234
0.085284
0.086269
0.085078
0.085385
0.085660
0.085742
0.085971
0.085533
0.085281
0.085224
0.086500
0.085817
0.085524
0.085772
0.085703
0.087104
0.085770
0.085747
0.085567
0.086521
0.086565
0.085392
0.085597
0.085353
0.085807
0.085510
0.085270
0.085503
0.086132
0.085768
0.085373
0.085366
0.085330
0.085519
0.085529
0.085426
0.086555
0.085601
0.086487
0.085558
0.086513
0.085713
0.086199
0.092388
0.085824
0.085180
0.085711
0.086850
0.085527
0.085725
0.085173
0.086049
0.085851
0.085342
0.085513
0.085611
0.085583
0.085517
0.085378
0.086449
0.085784
0.086736
0.085751
0.096607
0.086072
0.086723
0.085504
0.085423
0.085092
0.086119
0.085770
0.086247
0.086293
0.086389
0.085796
0.085381
0.085332
0.085542
0.085500
0.085693
0.086676
0.085578
0.085401
0.085283
0.085819
0.086117
0.085269
0.086170
0.086403
0.085725
0.087161
0.085245
0.085381
0.085645
0.085298
0.086009
0.086295
0.085920
0.085230
0.085471
0.086179
0.085204
0.086767
0.085366
0.092755
0.085898
0.085392
0.085868
0.085501
0.085071
0.085536
0.084749
0.086685
0.085938
0.084628
0.085890
0.086054
0.085931
0.085848
0.085003
0.085631
0.085756
0.085926
0.086106
0.085839
0.086296
0.085296
0.085624
0.085175
0.085683
0.085407
0.085670
0.085296
0.085301
0.085525
0.085165
0.085075
0.086295
0.085397
0.086821
0.085113
0.085451
0.086348
0.085606
0.085841
0.086168
0.085503
0.085546
0.085959
0.085767
0.085571
0.086225
0.085896
0.085202
0.085529
0.085942
0.086867
0.086050
0.085449
0.085983
0.087009
0.085552
0.085595
0.086499
0.085309
0.085923
0.085085
0.085274
0.086399
0.086113
0.086131
0.085609
0.085798
0.086698
0.086837
0.085328
0.085288
0.085579
0.085575
0.085648
0.085496
0.085438
0.085912
0.085087
0.085166
0.085280
0.085250
0.085714
0.085405
0.085918
0.092448
0.085505
0.084778
0.085351
0.085684
0.086789
0.085688
0.085197
0.085065
0.085316
0.085825
0.085514
0.085444
0.085472
0.085320
0.085565
0.085450
0.085005
0.086300
0.086830
0.085346
0.085532
0.085523
0.085891
0.085776
0.085986
0.085725
0.085493
0.085383
0.085740
0.085581
0.085604
0.085328
0.085701
0.085242
0.084879
0.085343
0.085626
0.086734
0.085647
0.086498
0.085388
0.086211
0.085796
0.086521
0.085298
0.086459
0.086056
0.084859
0.085382
0.085500
0.085853
0.085743
0.085201
0.096634
0.086693
0.085899
0.085417
0.085355
0.086946
0.085438
0.085130
0.085129
0.085218
0.085198
0.085769
0.085791
0.085793
0.085523
0.085677
0.084695
0.085774
0.085351
0.086678
0.085287
0.086304
0.085186
0.085814
0.087406
0.085572
0.085839
0.085669
0.085388
0.085483
0.085556
0.085224
0.085985
0.085565
0.091586
0.085173
0.085893
0.086141
0.086055
0.085695
0.085420
0.086418
0.085399
0.085604
0.085181
0.086399
0.086188
0.085277
0.085010
0.085603
0.086458
0.085523
0.084992
0.085220
0.084708
0.085398
0.085815
0.085859
0.085355
0.085513
0.086861
0.085252
0.084768
0.086045
0.085675
0.085681
0.086046
0.086222
0.085543
0.085421
0.085493
0.085559
0.085836
0.086475
0.086684
0.085615
0.085359
0.085374
0.086073
0.085379
0.086270
0.086967
0.085041
0.085563
0.085541
0.085239
0.085197
0.085534
0.085502
0.085741
0.085298
0.085677
0.085996
0.085932
0.084817
0.085728
0.084861
0.085259
0.085777
0.086305
0.084802
0.084918
0.085385
0.086465
0.085337
0.086085
0.085405
0.085198
0.085335
0.085588
0.085159
0.085632
0.085429
0.084855
0.085856
0.086357
0.084823
0.085407
0.085257
0.085948
0.085760
0.085432
0.085169
0.085843
0.085308
0.085744
0.085791
0.085067
0.085532
0.085497
0.085953
0.086125
0.085012
0.085099
0.085773
0.084996
0.085397
0.085806
0.085927
0.086410
0.086575
0.085343
0.085079
0.085766
0.085193
0.085399
0.085717
0.084806
0.085620
0.085820
0.085905
0.085350
0.086642
0.085688
0.085157
0.085195
0.085538
0.085884
0.085672
0.086119
0.096327
0.085493
0.084966
0.084768
0.085474
0.086018
0.085451
0.085155
0.085551
0.085407
0.086076
0.085663
0.084960
0.085215
0.085289
0.086740
0.086480
0.086465
0.085328
0.085976
0.085972
0.085596
0.085109
0.085382
0.085734
0.085155
0.085353
0.092226
0.085210
0.085604
0.085026
0.085390
0.085474
0.085026
0.085385
0.085416
0.085962
0.085956
0.085900
0.085587
0.085448
0.085578
0.085257
0.085576
0.085724
0.085501
0.085558
0.085895
0.085745
0.091341
0.085946
0.085333
0.085245
0.086035
0.085947
0.085472
0.085030
0.085552
0.085948
0.086961
0.085423
0.085118
0.085261
0.085689
0.085663
0.085287
0.085925
0.086430
0.085126
0.086164
0.085048
0.085715
0.086615
0.085074
0.085379
0.085248
0.086727
0.086353
0.084817
0.085479
0.085559
0.085413
0.086561
0.092025
0.085202
0.086738
0.085795
0.085481
0.085163
0.085432
0.085399
0.084597
0.086216
0.085415
0.086582
0.085230
0.086774
0.085081
0.084995
0.085616
0.084573
0.085136
0.086349
0.085349
0.085403
0.085111
0.086487
0.084786
0.085699
0.084994
0.085182
0.085426
0.085121
0.085455
0.086399
0.085573
0.086639
0.090705
0.084739
0.085387
0.085595
0.085331
0.085398
0.087181
0.084934
0.085274
0.085595
0.085959
0.084957
0.086695
0.085609
0.085967
0.085034
0.085446
0.085914
0.085381
0.085293
0.084730
0.085721
0.085249
0.085302
0.085429
0.086303
0.085533
0.085541
0.085595
0.085052
0.085332
0.085443
0.085472
0.086072
0.085811
0.085933
0.085278
0.085570
0.085461
0.085339
0.085063
0.092506
0.085323
0.085244
0.085672
0.085017
0.086179
0.085684
0.085824
0.085445
0.085493
0.088141
0.085999
0.085624
0.086270
0.086675
0.085458
0.085497
0.085563
0.085500
0.086706
0.085298
0.086716
0.085071
0.085361
0.086608
0.085993
0.086402
0.085683
0.085994
0.086575
0.086322
0.085237
0.086197
0.085735
0.090953
0.085705
0.086465
0.085477
0.085240
0.085706
0.085215
0.085221
0.085099
0.085699
0.085265
0.085390
0.085701
0.086490
0.086257
0.086199
0.085635
0.085214
0.085333
0.086196
0.085768
0.085767
0.085288
0.085912
0.085011
0.085604
0.086441
0.086482
0.085730
0.085475
0.086190
0.085774
0.086212
0.085547
0.092569
0.086031
0.085165
0.085550
0.085399
0.086051
0.085157
0.085457
0.085740
0.086032
0.085717
0.086558
0.085667
0.085356
0.085269
0.085344
0.085293
0.086596
0.086289
0.085800
0.086221
0.086178
0.085708
0.085085
0.084991
0.085523
0.086100
0.086359
0.085153
0.086000
0.085524
0.085910
0.085127
0.085364
0.085581
0.085385
0.086158
0.085212
0.086496
0.085443
0.086362
0.085803
0.085152
0.086218
0.085215
0.086363
0.086818
0.086708
0.085223
0.086190
0.086671
0.086434
0.086612
0.085234
0.085501
0.087091
0.085573
0.085399
0.087248
0.086618
0.085153
0.085415
0.086464
0.086034
0.085899
0.085464
0.086209
0.085835
0.085146
0.086286
0.086140
0.085422
0.085338
0.085839
0.086512
0.085592
0.086560
0.085920
0.085056
0.085196
0.084878
0.085571
0.085954
0.085407
0.085196
0.085180
0.085878
0.086778
0.085443
0.085376
0.086621
0.085196
0.085203
0.085348
0.085447
0.086646
0.085054
0.085934
0.085506
0.085206
0.086166
0.085648
0.084989
0.085367
0.086196
0.086244
0.085855
0.085435
0.085923
0.085235
0.085659
0.085126
0.085604
0.085576
0.086144
0.085953
0.085325
0.086100
0.085711
0.085907
0.085747
0.085452
0.085748
0.086175
0.085110
0.086325
0.084955
0.085700
0.086697
0.085789
0.085641
0.085329
0.085585
0.085231
0.085507
0.085619
0.085090
0.085908
0.085062
0.086290
0.085493
0.085186
0.085489
0.085495
0.084809
0.085617
0.086256
0.086645
0.085473
0.086435
0.085499
0.086236
0.086028
0.085767
0.085483
0.086458
0.085734
0.085509
0.085596
0.085797
0.091796
0.085406
0.085124
0.085213
0.085896
0.085356
0.085073
0.085072
0.085473
0.085865
0.085058
0.085495
0.085316
0.085881
0.085636
0.085211
0.085505
0.086488
0.085561
0.086630
0.085380
0.086235
0.085536
0.085359
0.085476
0.086791
0.085901
0.091234
0.085136
0.084695
0.085973
0.085609
0.084949
0.085808
0.090280
0.086266
0.085903
0.085222
0.085633
0.085004
0.085590
0.086053
0.085897
0.085552
0.087800
0.085918
0.085871
0.085489
0.085474
0.086026
0.085562
0.086111
0.085636
0.109389
0.086756
0.085773
0.086332
0.085591
0.085601
0.085803
0.086341
0.093742
0.085640
0.085079
0.085126
0.085974
0.085784
0.085727
0.085726
0.085573
0.086197
0.085683
0.086702
0.085354
0.085378
0.086542
0.086295
0.086039
0.085513
0.085654
0.086170
0.086908
0.085702
0.085784
0.086395
0.085697
0.085401
0.085453
0.092417
0.086669
0.086316
0.086535
0.085799
0.086267
0.085460
0.085684
0.085475
0.085305
0.085281
0.086712
0.085514
0.085590
0.085779
0.086171
0.085914
0.085598
0.085861
0.085871
0.085871
0.085364
0.085904
0.085664
0.085883
0.085099
0.086137
0.085677
0.085355
0.085113
0.085858
0.086088
0.085801
0.086213
0.085547
0.086501
0.085731
0.085797
0.085503
0.085865
0.085789
0.092731
0.085754
0.085279
0.086095
0.086129
0.085095
0.085767
0.085686
0.085556
0.085738
0.086662
0.085668
0.085141
0.085274
0.085779
0.085042
0.085724
0.085215
0.085944
0.086177
0.086202
0.087283
0.085647
0.085614
0.084991
0.086032
0.085474
