0.677804
0.676232
0.669283
0.669682
0.669421
0.668954
0.667183
0.667444
0.667493
0.667949
0.669953
0.667235
0.666387
0.680475
0.667617
0.669710
0.669006
0.669731
0.668122
0.667079
0.669422
0.672452
0.666724
0.667245
0.669830
0.667177
0.669271
0.680874
0.677875
0.671268
0.676891
0.669648
0.671256
0.670153
0.669044
0.668791
0.667566
0.667017
0.669472
0.667381
0.668292
0.669595
0.669347
0.666955
0.671819
0.671688
0.676532
0.667443
0.680132
0.669603
0.676986
0.679718
0.668344
0.679573
0.679577
0.669903
0.673905
0.679948
0.668022
0.669787
0.667972
0.666687
0.669151
0.667675
0.669444
0.668329
0.666658
0.668984
0.669675
0.679596
0.669686
0.666548
0.667268
0.669704
0.667827
0.669012
0.667658
0.667059
0.666843
0.667064
0.672354
0.668053
0.669873
0.667995
0.670415
0.667229
0.667893
0.667568
0.667844
0.670934
0.669152
0.669766
0.668350
0.667203
0.667394
0.666412
0.669406
0.670133
0.669814
0.674109
0.669468
0.669461
0.669994
0.670091
0.680130
0.670107
0.666992
0.667370
0.676377
0.680668
0.667259
0.672305
0.666648
0.666716
0.669982
0.669379
0.667808
0.672041
0.670633
0.666820
0.668344
0.667562
0.669625
0.676494
0.670323
0.676517
0.668070
0.669926
0.678068
0.669471
0.671346
0.669761
0.668231
0.669482
0.666753
0.666752
0.667256
0.666746
0.677196
0.676483
0.667886
0.678849
0.666088
0.669728
0.669336
0.670055
0.680130
0.680088
0.667750
0.667796
0.671853
0.667387
0.673694
0.670442
0.669433
0.670722
0.670363
0.669752
0.669486
0.667716
0.666982
0.667206
0.669854
0.673375
0.668203
0.669286
0.668207
0.669330
0.671981
0.666924
0.666884
0.670340
0.668653
0.679735
0.673642
0.668030
0.666974
0.668080
0.667021
0.673398
0.670143
0.670238
0.670101
0.669190
0.679488
0.676282
0.666172
0.666588
0.669391
0.673956
0.670227
0.668817
0.669218
0.670895
0.669924
0.680334
0.670405
0.667824
0.667578
0.673701
0.669435
0.670325
0.667818
0.679160
0.676402
0.670078
0.669543
0.669586
0.677444
0.669383
0.669210
0.666336
0.679134
0.666778
0.669663
0.679940
0.680066
0.668564
0.666394
0.675976
0.668257
0.668212
0.666687
0.669891
0.667724
0.666968
0.668179
0.667890
0.670078
0.670435
0.680464
0.677743
0.667901
0.671532
0.669561
0.669127
0.668667
0.668184
0.677726
0.670241
0.669200
0.669794
0.669962
0.669539
0.669675
0.669328
0.666300
0.677199
0.666516
0.669555
0.669332
0.666645
0.670258
0.668954
0.668389
0.668243
0.680261
0.667999
0.670457
0.667379
0.669758
0.666776
0.671534
0.669354
0.670221
0.667399
0.669248
0.667267
0.668110
0.671569
0.669655
0.680640
0.680659
0.667048
0.677281
0.679546
0.667719
0.668219
0.666969
0.668836
0.668144
0.667122
0.667900
0.665355
0.665060
0.669569
0.666830
0.669616
0.665800
0.666977
0.667765
0.666574
0.664832
0.664492
0.668337
0.668555
0.665208
0.665804
0.666601
0.666041
0.666258
0.675907
0.668471
0.669894
0.667564
0.673191
0.668634
0.667890
0.665077
0.665497
0.678957
0.675123
0.678063
0.666289
0.665528
0.675294
0.668241
0.665853
0.665292
0.679030
0.668131
0.670685
0.668215
0.665888
0.667665
0.667652
0.666333
0.666866
0.671372
0.667475
0.667680
0.667607
0.667650
0.670491
0.678639
0.666766
0.668940
0.675548
0.675799
0.668745
0.664589
0.665389
0.666172
0.671465
0.667522
0.666355
0.667580
0.668097
0.667502
0.665912
0.665633
0.666029
0.665789
0.690827
0.692894
0.682864
0.693844
0.685627
0.688669
0.689801
0.692810
0.680638
0.694191
0.689351
0.698038
0.680365
0.677438
0.689734
0.689477
0.678997
0.680434
0.689174
0.693321
0.689832
0.692882
0.691588
0.685171
0.692803
0.693313
0.693630
0.667519
0.690319
0.693019
0.679286
0.664683
0.668736
0.667847
0.668068
0.667772
0.665627
0.682923
0.668269
0.667445
0.665891
0.665483
0.670044
0.678615
0.667747
0.669873
0.679089
0.669668
0.668534
0.667339
0.673057
0.689312
0.667577
0.675339
0.668148
0.667566
0.665649
0.665767
0.664790
0.667522
0.671170
0.666883
0.667948
0.666905
0.676843
0.677792
0.668041
0.681176
0.670403
0.669196
0.670522
0.669383
0.668267
0.671353
0.672187
0.667082
0.677898
0.668241
0.668555
0.669547
0.669235
0.676274
0.670172
0.670393
0.667391
0.669225
0.680721
0.669022
0.668701
0.685929
0.666987
0.666890
0.679373
0.690551
0.670746
0.676656
0.666726
0.690434
0.670269
0.669524
0.684031
0.670036
0.669572
0.669263
0.669604
0.667909
0.670037
0.679765
0.669578
0.677227
0.679380
0.683612
0.673626
0.668462
0.669344
0.669777
0.667395
0.679528
0.669783
0.677115
0.680846
0.680421
0.669701
0.672048
0.667654
0.677475
0.679677
0.667678
0.667931
0.668898
0.669172
0.679585
0.668799
0.670486
0.672993
0.669383
0.669310
0.669171
0.667813
0.676874
0.667685
0.666919
0.668090
0.667002
0.671490
0.680026
0.677142
0.669981
0.670257
0.673771
0.669248
0.670214
0.669754
0.680772
0.668510
0.666670
0.670574
0.668718
0.666220
0.677184
0.666481
0.670327
0.676168
0.670466
0.667689
0.669869
0.670023
0.668997
0.669156
0.666997
0.667885
0.676947
0.676640
0.669261
0.682072
0.666527
0.677385
0.668464
0.676164
0.668207
0.672691
0.668267
0.667780
0.672807
0.670347
0.681035
0.668414
0.668446
0.670554
0.668570
0.666884
0.676636
0.670420
0.680561
0.677394
0.667245
0.670677
0.668169
0.666720
0.669683
0.671260
0.667222
0.667390
0.672322
0.670183
0.670294
0.668747
0.667534
0.666806
0.666688
0.679938
0.666958
0.667024
0.683393
0.667269
0.669250
0.669475
0.679423
0.666914
0.672761
0.680664
0.670053
0.669118
0.669631
0.679891
0.669574
0.668105
0.671711
0.676837
0.678923
0.669991
0.679259
0.670517
0.667828
0.667868
0.670417
0.671562
0.669034
0.669384
0.668997
0.667692
0.679465
0.669473
0.669995
0.667127
0.666574
0.669246
0.670759
0.667924
0.667364
0.671316
0.669486
0.669100
0.669204
0.669625
0.671717
0.670061
0.680335
0.671284
0.667326
0.667153
0.669879
0.680868
0.667054
0.670551
0.667946
0.669387
0.672640
0.672197
0.669890
0.669586
0.667328
0.669663
0.678145
0.670049
0.679861
0.667210
0.667477
0.677976
0.666716
0.669096
0.670460
0.669981
0.668342
0.669261
0.669460
0.669281
0.670210
0.680060
0.667119
0.667199
0.668270
0.667732
0.667300
0.668467
0.668307
0.674574
0.669290
0.669195
0.671396
0.670799
0.676642
0.669515
0.669162
0.666824
0.691296
0.680889
0.677433
0.667521
0.670192
0.680760
0.670040
0.666673
0.668652
0.671551
0.670333
0.669053
0.666940
0.669488
0.669293
0.669313
0.667488
0.667178
0.667047
0.668145
0.666955
0.667847
0.669449
0.670414
0.667745
0.670009
0.669742
0.670748
0.669939
0.669815
0.669128
0.669885
0.667047
0.667474
0.667523
0.667157
0.666947
0.670122
0.671065
0.669081
0.666614
0.666939
0.670090
0.681775
0.670270
0.677484
0.667061
0.669691
0.679835
0.669391
0.669387
0.667052
0.673789
0.669974
0.676704
0.669692
0.679544
0.668117
0.668908
0.671922
0.673822
0.666913
0.667229
0.666935
0.673044
0.680073
0.667121
0.670757
0.676563
0.667332
0.667985
0.667216
0.671542
0.670847
0.668758
0.669214
0.668956
0.667986
0.667152
0.667289
0.669954
0.669247
0.670602
0.677354
0.667825
0.666588
0.671280
0.670481
0.680479
0.680200
0.668895
0.668591
0.667353
0.667278
0.666437
0.671035
0.667812
0.669202
0.671895
0.668306
0.667949
0.670172
0.668742
0.672105
0.680943
0.680531
0.676843
0.676563
0.680603
0.671046
0.676165
0.691550
0.687540
0.690547
0.690953
0.691364
0.690697
0.684120
0.706019
0.689691
0.678748
0.683691
0.682261
0.685602
0.688430
0.681465
0.678950
0.685903
0.692248
0.684722
0.688410
0.689105
0.687808
0.686861
0.687622
0.683639
0.689483
0.686951
0.701697
0.692557
0.684894
0.694269
0.690584
0.689823
0.687434
0.689669
0.689228
0.689805
0.691405
0.691714
0.692388
0.685022
0.689492
0.692484
0.691138
0.688031
0.691385
0.691455
0.690910
0.692381
0.694164
0.690810
0.691459
0.692673
0.692822
0.692421
0.690979
0.693290
0.694520
0.693934
0.687707
0.694059
0.693361
0.670225
0.676667
0.691801
0.685894
0.669815
0.669528
0.688117
0.691173
0.668148
0.667728
0.682634
0.693543
0.679725
0.670015
0.670029
0.675316
0.688083
0.681148
0.681595
0.681437
0.683853
0.681926
0.682348
0.682523
0.691084
0.679004
0.677870
0.679823
0.680314
0.685598
0.682070
0.685417
0.684413
0.684381
0.679900
0.679359
0.680998
0.681162
0.680298
0.680221
0.681418
0.679515
0.679498
0.681545
0.683356
0.682511
0.684326
0.687741
0.678642
0.678324
0.690960
0.685529
0.681433
0.679659
0.683080
0.678986
0.677476
0.678550
0.679783
0.681601
0.680314
0.682255
0.682590
0.670861
0.679725
0.687664
0.676276
0.680931
0.677708
0.679507
0.669320
0.666768
0.682164
0.677791
0.678529
0.679285
0.690538
0.672281
0.679673
0.681213
0.689296
0.683496
0.683270
0.682789
0.685621
0.684338
0.687782
0.684634
0.686125
0.689729
0.691132
0.669762
0.669416
0.667963
0.669704
0.668375
0.669554
0.666563
0.669312
0.668780
0.676934
0.669131
0.677019
0.667632
0.669512
0.669177
0.669177
0.677730
0.677062
0.669491
0.668952
0.676484
0.668551
0.690669
0.680015
0.669142
0.670032
0.669396
0.668284
0.680984
0.676809
0.677621
0.669657
0.670781
0.669707
0.669389
0.667020
0.693975
0.666834
0.667324
0.680053
0.677531
0.670251
0.680374
0.693964
0.667463
0.669023
0.667722
0.679956
0.669961
0.668088
0.667698
0.667878
0.667121
0.671488
0.676492
0.669990
0.670372
0.668150
0.667240
0.671089
0.674710
0.679782
0.669297
0.666719
0.681795
0.667535
0.669791
0.669423
0.669502
0.669218
0.669562
0.681268
0.667497
0.681326
0.670236
0.669603
0.667427
0.667441
