51.859154
51.852982
51.813540
51.989844
54.570803
51.907382
51.883461
51.885087
51.920638
51.940988
51.805294
52.015633
54.284201
51.944828
51.975701
52.015787
51.812042
51.884855
51.862770
51.963643
51.951519
51.919031
51.824888
52.020340
51.865038
51.896137
51.804304
52.013838
51.878077
52.020420
51.969774
52.061149
51.921785
51.860150
51.882770
51.878501
51.898995
52.051509
51.856698
52.286012
51.873868
51.974948
51.887188
51.848190
51.995882
51.947175
51.875377
52.465100
51.896850
51.852808
51.853071
51.893303
51.881682
52.054694
51.869472
54.441932
51.946254
51.892535
52.005561
51.839795
51.951976
51.872539
51.994821
54.322276
51.906838
51.814569
51.961765
51.865298
51.808947
51.866329
52.006527
51.967814
52.007882
51.865318
52.104291
51.838820
51.869383
51.907343
51.899583
51.894839
51.822404
51.980316
52.180016
51.833853
51.770067
51.992578
51.920041
51.981177
51.867501
51.836350
52.272217
51.801332
51.827361
51.911839
51.856132
51.842128
51.911847
51.920435
52.328749
51.932353
51.843867
51.802757
51.825456
51.873504
51.795083
51.876165
54.580522
51.960296
51.818404
51.818786
51.808275
51.890502
51.780358
51.877209
54.338916
51.897217
52.136392
51.985530
51.935060
51.875650
51.938060
51.957255
54.455642
51.899256
51.942005
52.155731
51.930232
52.015029
51.932599
51.894144
51.927932
51.880723
51.880993
52.190860
51.843434
51.945269
52.070037
52.114698
51.848745
51.944400
51.873009
52.288921
51.866031
51.767001
51.884664
51.832039
52.026407
51.835036
51.887818
52.423454
52.059108
51.850519
51.984284
51.917582
51.910865
51.874189
51.929183
54.411660
52.108662
51.806423
51.914409
51.828154
51.882091
51.945150
51.856077
54.390829
51.854029
51.925572
51.963406
51.922524
51.912075
51.917020
51.833664
51.999996
51.926874
52.003723
51.811024
51.868189
51.940399
52.114598
51.815524
51.922838
51.868972
51.898180
52.080795
51.910150
51.764856
51.923682
51.754269
51.902984
51.883966
52.009264
52.178495
51.868114
51.907443
51.903928
51.924332
51.915255
51.858374
51.810869
52.525093
51.954664
51.900818
52.024006
51.883776
51.833029
51.972205
51.786642
54.596649
51.940391
51.885641
51.935681
51.804746
51.845043
51.895389
51.900652
54.468550
51.873667
51.956508
51.884711
51.824711
51.783608
51.886266
51.883132
54.380400
51.920700
51.928071
52.115260
51.784931
51.837071
51.912318
51.867275
51.824956
51.972906
51.789144
52.145080
51.865656
51.882681
51.821777
51.898646
51.763158
51.797981
51.969719
52.212333
51.888555
51.978924
51.942979
51.965054
51.855994
51.824129
51.911530
52.328869
51.811595
51.861457
52.013875
51.862702
51.892670
51.777909
51.851259
54.430725
52.026581
51.909132
51.903345
51.981096
51.906092
51.950707
51.876775
54.388242
51.952055
52.003906
52.041564
51.865759
51.912975
51.894190
52.010465
54.483749
51.785326
51.924603
52.052239
51.943354
51.840063
51.935288
52.026352
51.943344
51.841869
51.914704
52.131085
52.011043
51.847507
51.911017
51.783796
52.001702
51.905261
51.995481
52.073361
51.919824
51.855862
51.874531
51.944985
51.839646
51.910706
51.912635
52.403284
51.795281
51.953222
51.951123
52.020235
51.864323
51.914385
51.942883
52.420682
51.965253
51.886741
51.905342
51.946496
51.866154
51.848391
51.863373
54.382215
51.881443
51.824688
52.108064
51.883351
51.877115
51.787481
51.939477
54.333924
51.785307
51.939566
51.890294
51.917907
51.813377
51.958909
51.992732
51.907971
51.889048
51.800225
52.147555
51.966630
51.883053
51.817354
51.844539
52.118948
51.823190
51.967723
52.083912
51.951943
52.015857
51.901455
51.878409
51.895556
52.036635
51.768849
52.159180
51.856243
51.800363
51.964012
51.928809
51.845861
51.941388
51.789819
52.426866
52.080869
52.013873
51.964620
51.953209
51.884870
51.921547
51.917450
54.497832
51.872549
51.837578
51.961626
51.732810
51.925031
51.947442
51.916865
54.411318
51.900154
51.772546
51.952604
51.912614
51.909342
51.863377
52.000384
54.420413
51.814002
51.857709
52.033738
51.981370
51.870930
51.876584
52.015753
51.835500
51.992428
51.881041
52.212845
51.861812
51.817178
51.848862
51.944475
51.990426
51.808482
51.909784
52.319128
52.043156
51.845134
51.873211
51.894533
51.867788
51.979458
51.911473
52.465806
51.975647
51.870181
51.943225
51.873902
51.879603
51.989777
52.025643
54.606937
51.942038
51.905261
51.859737
51.849509
51.998308
52.026859
51.988209
54.393335
51.818613
51.802811
52.110969
51.844622
51.963650
51.892112
51.870135
54.393490
51.854596
51.853985
52.037322
51.852635
51.934425
51.868473
51.835291
51.896702
51.783808
51.924273
52.254818
51.938185
51.869916
51.930332
51.854688
51.911227
51.775928
52.007678
52.274956
51.842964
51.940432
51.851446
51.928871
51.961727
51.987566
51.895888
52.458137
51.957860
51.817979
51.933178
51.809954
51.919431
51.865353
52.019611
54.492827
51.953062
51.895881
51.948509
51.777157
52.006775
51.977895
51.964660
54.442360
51.804586
51.829188
51.862193
51.962032
51.838439
51.912225
51.837597
54.474087
51.747930
51.958364
51.878918
51.955784
51.826111
51.977599
51.902945
51.885624
51.816596
51.894108
51.993913
51.980682
51.858762
51.950139
51.824551
52.054694
51.920221
52.044418
52.101916
51.897040
51.860143
52.025831
51.792552
51.816739
51.931854
52.013249
52.312614
51.945959
51.818905
51.926838
51.867576
52.044843
51.812086
51.923354
54.518557
51.863555
51.767573
51.883485
52.132044
52.040809
51.851916
51.892860
54.439667
51.866482
51.812266
51.995311
51.852214
51.765708
51.906278
51.778881
54.548383
52.043572
51.859194
52.002194
51.908135
51.993643
51.863489
51.868424
51.822311
51.966851
51.848949
52.395436
51.767949
51.842749
51.968193
51.940666
51.911899
51.789093
51.849834
54.478915
51.841591
51.962308
51.863649
51.864054
51.830878
51.832290
51.795858
54.454883
51.778883
51.905714
52.014571
52.017316
51.906822
51.928886
51.846713
54.460271
51.786475
51.911926
52.069939
51.840308
51.925058
51.870377
51.821118
52.054489
51.912595
51.964771
52.076380
51.790813
51.831070
51.815174
51.848479
52.018055
51.922638
51.778104
52.073564
51.883127
51.874413
51.913431
51.898303
51.941670
51.833057
51.824177
52.330064
51.777754
51.949799
51.939146
51.877954
51.895552
51.836113
51.901207
52.223421
51.880707
52.050996
51.933280
51.844067
51.857111
51.821122
51.878229
54.516490
51.960179
52.070396
52.070038
51.856728
51.891104
51.950331
51.910529
54.500820
51.812732
51.849123
51.980919
51.943599
51.847122
51.773116
52.136913
52.063236
51.926489
51.905218
51.943848
51.872627
51.901792
51.806203
51.896987
51.795483
52.003448
51.806478
52.126634
51.879730
51.906449
51.947484
51.787405
51.889070
51.814128
51.976130
52.215219
51.988472
51.753346
51.793195
51.838560
51.833389
51.983098
51.755114
52.259145
51.840125
51.933129
51.933233
51.937739
51.869421
51.933280
51.801834
54.442660
51.974416
51.882207
51.807386
51.839977
51.895757
52.030079
51.946188
54.499322
51.902126
51.824361
51.866622
51.958201
51.852976
51.973229
51.848472
54.618396
51.873724
52.026890
52.043266
52.012752
51.799147
51.964392
51.807609
51.908684
51.841624
51.911149
52.123655
52.033400
51.956635
51.877750
51.812614
51.819731
51.824095
52.018171
52.093018
51.901782
51.971439
51.930276
51.843314
51.763541
51.837839
51.806536
52.356145
51.869602
51.967745
51.817655
51.925501
51.828391
51.886091
51.964998
54.544350
51.885056
52.064193
51.947816
51.873326
52.071349
51.903291
51.961989
54.549102
51.861029
51.882965
51.938583
51.922960
52.042268
51.888679
51.947650
54.443058
51.830312
52.015287
52.077915
51.953652
51.933268
51.917850
51.854775
51.948019
52.018927
52.028340
52.171694
51.716101
51.885350
51.979167
51.874239
51.884686
51.922677
52.093802
52.169449
52.025805
51.845389
51.876466
51.851384
51.906720
51.927167
51.963398
52.265202
51.952830
51.909961
51.941022
51.964491
51.978754
51.877605
51.975703
52.270542
52.028029
51.899072
51.923786
51.845962
51.875500
51.969265
51.945883
54.513818
51.837912
51.892901
52.029687
51.787174
52.020564
51.860926
52.104382
54.482826
52.002363
51.791306
51.965545
51.854325
52.019836
51.881880
52.085799
54.509089
51.912520
51.815522
51.983928
51.876766
51.827135
51.797610
51.936785
51.918798
52.037820
51.824246
52.132612
51.821721
51.914274
52.007414
51.848339
51.863531
51.949350
51.886246
52.192042
51.906400
51.961585
52.047751
51.806061
51.903937
52.016817
51.892516
52.398397
51.978016
51.908357
51.925556
51.901924
51.919551
51.899835
52.010255
54.645538
51.863500
52.002529
51.929147
51.965199
51.786756
51.865164
51.832467
54.432258
51.930072
51.952037
52.028155
51.914938
51.792559
51.912708
51.919159
54.398031
51.904925
51.871308
52.101440
51.885833
51.891842
51.875970
52.029164
51.847537
51.814720
51.979605
52.152909
51.863836
52.037279
51.946147
51.810550
51.937230
51.996651
51.823396
52.170784
51.785026
51.899938
51.965260
51.973520
51.883648
52.100563
51.995075
52.243135
51.786304
51.843078
51.828627
51.912259
51.922772
51.919184
51.759920
54.703141
51.946192
51.833482
52.029096
51.926756
51.804403
51.831069
51.887963
54.545666
51.890506
51.943101
52.012386
51.848493
51.933300
51.898610
51.865604
54.479718
51.981449
51.869051
51.959656
51.917980
51.878177
51.918789
51.895703
51.940970
51.763858
51.947135
52.163112
51.759180
51.945673
51.830758
51.930723
51.869056
51.894490
51.938836
52.159296
51.782960
51.834740
51.792149
51.791155
51.850632
51.802674
51.883068
52.218002
51.953662
51.881954
51.865364
51.896538
51.870435
51.966612
51.930992
52.361254
51.848302
51.859983
51.900688
51.872426
51.867922
51.770711
51.929773
54.506690
51.992646
51.847595
52.017530
51.883880
51.902091
51.909758
51.933752
54.455191
51.950168
51.945820
52.018091
51.869277
51.938390
51.996761
51.895093
51.847671
51.943443
51.994191
52.136925
51.892707
51.944380
51.867066
52.005558
51.782205
51.914885
51.840147
52.200589
51.941090
51.893279
51.919045
51.936533
51.993763
51.803702
51.823243
52.350859
51.953254
51.898825
51.737090
51.866905
51.991521
51.980630
51.951842
52.393573
51.917444
51.842498
51.966934
51.877082
51.986692
51.895491
51.851368
54.463520
51.841802
51.945920
51.842915
51.855540
51.963463
51.905179
51.839642
54.488454
51.874758
51.865945
