66.134700
66.153781
66.098170
66.316950
66.218869
66.237723
66.010493
66.129587
66.094223
66.310641
65.870488
66.245047
66.210587
65.910288
66.006746
66.141287
66.138696
66.228852
66.061020
66.063429
66.247356
65.979872
66.189322
66.206766
66.197376
66.155813
66.242906
66.187375
66.138616
66.266146
66.380307
66.079117
66.018949
66.122091
66.466262
66.111613
66.206024
66.082992
66.120427
66.206378
66.236647
66.215278
66.221776
66.249890
66.346545
66.180988
66.110865
66.201341
66.268482
66.132547
66.248932
66.157140
66.281357
66.043976
66.195444
66.249760
66.126205
66.272909
66.160576
66.233817
66.138117
66.464251
66.114253
66.061613
66.223484
65.957980
66.216680
66.241876
66.203731
66.153372
66.049899
66.227235
66.159737
66.135435
66.224895
66.420157
66.094837
66.048275
66.054476
66.001300
66.024093
66.231096
66.236341
65.963416
66.294834
66.188476
66.155207
66.123852
66.070553
66.423343
66.231524
66.097351
66.065034
66.067298
66.170463
66.070595
66.171525
66.071274
66.397684
66.042107
66.212248
66.012431
66.330725
66.122343
66.045427
66.145566
66.154758
66.224630
66.081041
66.150819
65.960965
66.170052
66.185591
66.279694
66.050276
66.075011
66.248847
66.237799
66.258850
66.136968
66.180673
65.970931
66.190060
66.325307
66.207425
66.238038
66.071562
66.037225
66.206758
66.173326
66.460552
66.088912
65.964491
66.045865
66.122658
66.245734
66.092488
66.184665
66.293087
66.193601
66.234664
66.005760
66.104955
66.356561
66.168160
66.180971
66.017036
66.210728
66.288788
66.072718
65.982980
66.244873
66.222620
66.161790
66.056745
66.142678
66.012438
66.352305
66.062308
66.157443
66.084921
66.146245
66.021305
66.055198
66.239347
66.147127
66.036816
66.060490
66.285882
66.132602
66.194901
66.485004
66.022622
66.080874
66.039575
66.145448
66.092619
66.144102
66.090752
66.119624
66.261796
66.111291
65.984685
66.240720
66.056848
66.363930
66.146925
66.114291
66.276600
66.192643
66.003365
66.335456
66.271307
66.270416
66.254034
66.185426
66.098120
66.284428
66.444096
66.028191
66.212264
66.107337
66.130477
66.242248
66.143922
66.080408
65.999102
66.283390
66.164730
66.079610
66.096091
66.044460
66.392895
66.312021
66.194374
66.046955
66.085130
66.031390
66.112910
66.140964
66.312052
66.308046
66.290863
66.230717
66.222860
66.263501
66.279350
66.129962
66.057760
66.138086
66.175341
66.032425
66.021607
66.165279
66.319476
66.379467
66.126025
66.140947
66.077401
66.613816
66.097128
66.142666
66.136262
66.115423
65.940828
66.168438
66.204629
66.260236
66.118837
66.177869
66.269339
66.102404
66.202240
66.526767
65.998402
66.163690
66.105852
66.060527
66.048009
66.000747
66.175343
66.376374
66.036036
66.090164
66.207547
66.302695
65.951689
66.592321
66.191822
66.044301
66.247832
66.074755
66.214512
66.133604
66.260014
66.214644
66.106732
66.248031
66.080626
66.300462
66.377864
66.052086
66.187002
66.233537
66.174908
66.056934
66.098378
66.174070
66.324018
66.063474
66.173756
66.265948
66.122913
65.974025
66.346555
66.115516
66.061033
66.155456
66.003685
66.179040
66.166857
66.083031
66.378894
66.084282
66.116807
66.315895
66.322781
65.987880
66.365907
66.148420
66.105364
66.121925
66.059219
66.066422
66.083259
66.305035
66.282833
66.125252
66.108504
66.216083
66.120885
65.937332
66.178312
66.065790
66.202493
66.271057
66.066823
66.272504
66.010264
66.121938
66.203914
66.271926
66.301954
66.062084
65.994537
66.462080
66.010797
66.077045
66.190789
66.032534
66.111755
66.059215
65.954828
66.278556
66.189317
66.134693
66.201094
66.121699
66.058450
66.441339
66.111316
66.237807
66.223759
66.215254
65.991942
66.063157
66.115272
66.178925
66.153922
66.378080
66.330233
66.216143
66.147245
66.414458
66.062670
66.242392
66.052651
66.111617
66.182214
66.162198
66.215368
66.143520
66.186334
66.092440
66.024810
66.263521
66.360628
66.191272
66.225545
66.067553
66.140077
66.091713
66.117241
66.231026
66.133063
66.206899
66.258631
66.194547
66.218064
66.272232
66.352271
65.961636
66.105440
66.271641
66.060253
66.100088
66.132691
66.340074
66.103011
66.178780
66.202695
66.342064
66.168306
66.146939
66.359333
66.293269
66.171226
66.323958
66.118094
66.105653
66.211555
66.258633
66.201250
66.233483
66.133203
66.236658
66.141666
66.444691
66.239122
66.148442
65.991554
66.089467
66.318193
66.128172
66.449075
66.039625
66.156958
66.195380
66.276433
66.120841
66.101988
66.472004
66.200750
66.179453
66.189405
66.205209
66.083097
66.363927
66.192650
66.346329
66.227674
66.134756
66.157255
66.315637
66.281170
66.525305
66.238667
66.043635
66.295411
66.319553
66.078557
66.413487
66.201901
66.045928
66.138043
66.162841
65.984722
66.304139
66.453871
66.197463
66.092131
66.101382
65.982728
66.168266
66.121368
66.179294
66.211389
66.192595
66.291171
66.276499
66.040618
66.156974
66.433214
66.284493
65.999317
66.280952
66.067832
66.212792
66.235737
65.931954
66.136722
66.117885
66.030687
66.065405
66.041515
66.189761
66.452924
66.037576
66.018506
66.024484
66.065013
66.097201
65.990411
66.242265
66.195129
66.169560
66.116952
66.128413
66.089456
66.063796
66.547289
66.239896
65.937202
66.066903
66.163412
66.331396
66.117850
66.097571
66.128083
66.176120
66.172347
66.261127
66.066549
66.546624
66.232062
66.164432
66.167318
66.012535
66.095494
66.204764
66.294816
66.228587
66.164416
66.095580
66.097415
66.149008
66.147589
66.345939
66.141743
66.190386
66.156061
66.241162
66.414908
66.061050
66.051255
66.243065
66.088011
66.216153
66.167320
66.058777
66.246758
66.346128
66.190888
66.249895
66.201911
66.305099
66.103033
66.108663
66.174911
66.046902
66.250625
66.182212
66.079828
66.093756
66.395789
66.052121
66.128905
66.093015
66.041208
66.335452
66.127678
66.106050
66.041443
66.090542
66.061905
66.246733
66.141051
66.157845
66.626419
66.239051
66.272077
66.145131
66.186743
66.128088
66.353583
66.343258
66.139266
66.058185
66.205350
66.152868
66.090115
66.047941
66.417893
65.995911
66.100497
66.211147
66.392882
66.138906
66.108637
66.164532
66.223537
66.162114
66.249588
66.068885
65.976923
66.425167
66.003824
66.189442
66.097397
66.098853
66.157237
66.089915
66.279752
66.046909
66.023962
66.340299
66.129593
66.176398
66.240680
66.509216
66.328450
66.135423
66.196911
66.078836
66.044720
66.157791
66.230540
66.133559
66.032134
66.206159
66.171604
66.078778
66.047425
66.457944
66.060340
66.193257
66.175084
66.327615
66.136672
66.218855
65.977934
66.119728
66.113658
66.160353
66.173042
66.133118
66.205598
66.193513
66.307630
66.228733
66.249372
66.170063
66.218654
66.120256
66.188926
66.026788
66.212832
66.180275
66.167679
66.135522
66.441140
66.215952
66.039968
66.219897
66.078793
66.118838
66.118035
66.276967
66.219213
66.295544
66.070399
66.282299
66.383844
66.067579
66.363831
66.144813
66.109857
66.103284
66.370625
66.241724
66.130970
66.198333
66.053745
66.089616
66.278152
66.185132
66.256057
66.208550
66.373101
66.148825
66.167187
66.363437
66.179881
66.250876
66.222050
66.042869
66.301173
66.124984
66.052402
66.011412
66.299645
66.367991
66.187311
66.238512
65.992100
66.360933
66.212742
66.038205
66.079317
65.993076
65.896010
66.142569
65.786174
65.937475
66.162471
66.332767
65.977826
66.142780
66.164237
66.039995
66.053728
66.168676
66.146456
65.961174
66.020241
66.233662
65.938493
65.993303
65.942926
66.309020
65.982108
66.013137
66.216777
66.029276
66.046705
66.065816
66.055118
65.941345
66.094040
65.905050
65.973573
66.028911
66.294860
66.157439
65.856769
65.959565
65.976493
66.094040
66.090789
66.136977
66.042639
66.155292
65.827784
66.108136
66.023650
65.907971
66.260552
66.007998
66.107924
66.421332
65.965034
66.230890
66.045853
66.147197
66.128172
66.199429
66.036079
66.210173
66.113967
66.155326
66.400701
66.023863
66.243712
66.135751
66.172064
66.197681
66.037868
66.225816
66.043093
65.979954
66.158794
66.181933
66.082294
66.183622
66.087997
66.109143
66.085584
66.402406
66.185974
66.139298
66.087601
65.980925
66.021569
66.117338
66.176591
66.308217
66.125003
66.493336
65.986022
65.884871
66.256624
66.099918
66.282067
66.265647
66.064823
66.277108
66.105239
66.183958
66.299032
66.224155
65.986870
66.401397
66.178473
66.126474
66.290390
66.114628
66.167091
66.188338
66.137117
66.216443
66.214218
66.112373
66.236945
66.041016
66.100295
66.362738
65.978646
66.226194
66.165038
66.257652
66.251263
66.144203
66.121718
66.250573
66.114474
65.957477
66.241170
66.199280
66.434202
66.168906
66.040354
66.300133
66.105533
66.102774
66.035489
66.182477
66.080381
66.237214
65.983409
66.104990
66.257235
66.008415
66.313336
66.096255
66.195213
66.215935
66.191221
66.231588
66.147036
66.000891
66.123161
66.306605
66.007080
66.160886
65.985585
66.148771
66.435951
66.076347
66.473655
66.123028
66.220730
66.203313
66.134865
66.127935
65.978788
66.109938
66.098594
66.027026
66.185689
66.166295
66.259595
66.073429
66.006398
66.182703
66.286377
66.299999
66.115207
66.137364
66.120012
66.191794
66.053963
66.158735
66.225552
66.404570
66.109900
66.238370
66.145359
66.126061
66.327160
66.194563
66.180269
66.077625
66.269589
66.229207
66.212774
66.035732
66.052690
66.349057
66.130397
66.256773
66.125822
66.348617
66.169676
66.273878
66.190758
66.261344
66.107093
66.288351
66.080662
66.365376
66.151142
66.183664
66.196415
65.982620
66.170180
66.160496
66.158597
66.202783
66.184397
66.106454
66.200121
66.005989
66.050725
66.061901
66.319322
66.082280
66.141212
66.127231
66.197793
66.333596
65.972485
66.165154
66.322845
65.993289
66.068147
66.058200
66.047357
66.218532
66.439920
66.201876
66.260758
66.118389
66.194143
66.151703
66.061751
66.196936
66.213172
66.151882
66.149260
66.261644
66.115580
66.259478
66.447231
66.263334
66.193577
66.140416
66.255162
66.205794
66.236998
66.131176
66.056374
66.025857
66.245800
66.133985
66.192032
66.481041
66.291010
66.219747
66.172050
66.165594
66.049299
66.141211
66.177148
65.951340
66.057671
66.221701
66.132324
66.224350
66.315109
66.436560
66.215285
66.186872
66.238355
66.185418
66.183898
66.126568
66.261716
66.099765
66.080427
66.006846
66.042060
66.220819
66.131315
66.276110
66.332713
66.123356
66.144184
66.194033
66.201738
66.126715
