69.669166
69.692066
69.691969
69.682291
69.757045
69.650843
69.636626
69.772393
69.615444
69.725389
69.660617
69.772920
69.680836
69.637922
69.687838
69.689941
69.679923
69.737759
69.663188
69.759943
69.824454
69.683391
69.867918
69.666799
69.645462
69.649932
69.746619
69.701041
69.657903
69.718233
69.601272
69.674638
69.659188
69.714107
69.653656
69.728476
69.701158
69.722732
69.552743
69.742707
69.610752
69.607335
69.733218
69.710328
69.721289
69.692874
69.711660
69.766066
69.713724
69.705148
69.708389
69.837278
69.616989
69.741674
69.704728
69.687030
69.641537
69.768455
69.691344
69.609213
69.601833
69.668530
69.670268
69.734527
69.671844
69.662047
69.725374
69.729546
69.776067
69.722542
69.707258
69.674395
69.719166
69.689427
69.675586
69.738103
69.805800
69.691343
69.647856
69.797772
69.596143
69.599246
69.700828
69.758406
69.723403
69.770785
69.661140
69.709524
69.624803
69.669994
69.772613
69.688569
69.704703
69.708700
69.712187
69.713936
69.653459
69.736560
69.777195
69.783018
69.718586
69.684101
69.844588
69.733532
69.552639
69.764986
69.654239
69.643916
69.808067
69.688919
69.697912
69.771030
69.684207
69.741486
69.740581
69.718288
69.760071
69.689633
69.678720
69.776393
69.633129
69.774842
69.760146
69.700532
69.720294
69.688243
69.661047
69.678423
69.639811
69.695247
69.723377
69.717978
69.696872
69.668404
69.748087
69.648464
69.619458
69.834657
69.747935
69.726126
69.710467
69.723255
69.705127
69.677107
69.630159
69.662811
69.649994
69.629081
69.737112
69.681140
69.721153
69.714490
69.679898
69.634537
69.806434
69.660690
69.650409
69.651680
69.697905
69.622077
69.652921
69.654398
69.662829
69.676390
68.680306
68.599869
68.474265
68.424461
68.341369
68.344715
68.453178
68.450669
68.516105
68.458423
68.471887
68.435018
68.364509
68.512729
68.487609
68.490234
68.414983
68.558173
68.453304
68.519604
68.291327
68.540280
68.510643
68.373171
68.296201
68.319497
68.451546
68.451853
68.348744
68.483164
68.317855
68.483817
68.416026
68.423278
68.407013
68.512654
68.300718
68.487962
68.528928
68.296990
68.455450
68.339009
68.494013
68.332547
68.329991
68.436631
68.434805
68.429261
68.268323
68.341799
68.423362
68.307206
68.236936
68.398513
68.339957
68.361837
68.439807
68.386618
68.856833
69.746413
69.815844
69.715504
69.716794
69.605913
69.688201
69.636065
69.632400
69.663546
69.674741
69.656361
69.690305
69.703896
69.716703
69.676657
69.656892
69.664865
69.637458
69.680206
69.701616
69.648960
69.654021
69.768741
69.659263
69.708368
69.620710
69.623818
69.751040
69.629482
69.670083
69.818772
69.754874
69.649513
69.652753
69.722513
69.790867
69.663612
69.724219
69.720885
69.634967
69.742153
69.687971
69.661035
69.630215
69.709991
69.601599
69.673701
69.652619
69.651416
69.683376
69.603095
69.614300
69.592175
69.719851
69.614224
69.658292
69.582024
69.686546
69.833429
69.610313
69.689766
69.627631
69.698181
69.653859
69.667020
69.645813
69.667873
69.668210
69.714741
69.665083
69.566664
69.611628
69.748520
69.678636
69.681628
69.619126
69.637274
69.651453
69.706084
69.722418
69.767651
69.634601
69.757006
69.696917
69.595067
69.744896
69.803463
69.784492
69.766963
69.647548
69.682007
69.754517
69.627663
69.653209
69.666090
69.734251
69.694408
69.618225
69.713157
69.731124
69.689792
69.657082
69.707772
69.587257
69.624298
69.628764
69.622223
69.686877
69.598075
69.594410
69.787806
69.713924
69.611535
69.575016
69.621776
69.635390
69.774530
69.694979
69.680555
69.688979
69.710068
69.583570
69.662197
69.747266
69.706798
69.643174
69.651784
69.667921
69.667438
69.613342
69.593393
69.624019
69.628665
69.656038
69.679254
69.602633
69.620396
69.624408
69.604712
69.662223
69.645251
69.630803
69.674461
69.639794
69.754244
69.682036
69.663260
69.727490
69.672470
69.652174
69.678505
69.666593
69.692397
69.655647
69.695990
69.689877
69.638909
69.671423
69.702908
69.620984
69.652674
69.625059
69.718531
69.603647
69.718503
69.695699
69.675895
69.556047
69.699703
69.620475
69.696803
69.615941
69.628863
69.791086
69.668565
69.660924
69.633299
69.667220
69.675995
69.697133
69.614026
69.658070
69.680879
69.693525
69.696527
69.633371
69.654270
69.707858
69.649483
69.676613
69.642796
69.695993
69.719395
69.723962
69.700091
69.646463
69.682276
69.659263
69.553227
69.730739
69.661254
69.657983
69.809803
69.686962
69.699168
69.700491
69.707794
69.725774
69.796324
69.739960
69.589853
69.756349
69.608864
69.640721
69.656560
69.723635
69.759668
69.589775
69.603396
69.650685
69.618762
69.616790
69.644394
69.669432
69.645676
69.691538
69.747777
69.638557
69.715519
69.624952
69.769190
69.742096
69.688269
69.615839
69.769541
69.687273
69.724322
69.755699
69.735553
69.658814
69.761873
69.712149
69.704768
69.725871
69.690416
69.691629
69.644068
69.626231
69.705530
69.702236
69.670195
69.708012
69.727658
69.664019
69.766008
69.760230
69.676092
69.593698
69.663532
69.809591
69.651546
69.758698
69.641592
69.758399
69.636698
69.591204
69.776711
69.662400
69.671105
69.693489
69.764269
69.664171
69.710152
69.628667
69.669859
69.700889
69.690854
69.675960
69.736520
69.722741
69.650993
69.641146
69.656862
69.733729
69.673711
69.725509
69.672142
69.676048
69.819900
69.671252
69.827191
69.612751
69.688148
69.702076
69.677616
69.757946
69.714027
69.645274
69.654953
69.655893
69.687978
69.678979
69.691431
69.757516
69.762195
69.639186
69.695034
69.668155
69.636734
69.760297
69.644688
69.664091
69.626031
69.709216
69.703126
69.738283
69.723450
69.814164
69.694274
69.681047
69.625021
69.741462
69.642244
69.580684
69.711316
69.680782
69.711771
69.707014
69.721541
69.670704
69.638045
69.680345
69.587693
69.713222
69.654899
69.602707
69.715428
69.679285
69.782300
69.587494
69.696696
69.693391
69.758241
69.717851
69.707522
69.811218
69.679019
69.598418
69.676490
69.690300
69.717070
69.656483
69.571563
69.616562
69.652022
69.656885
69.653299
69.654755
69.657278
69.773999
69.651013
69.613034
69.690650
69.721998
69.667809
69.670379
69.661170
69.662007
69.769235
69.697486
69.732106
69.655238
69.644018
69.762219
69.798424
69.679681
69.695356
69.688757
69.673800
69.641734
69.653858
69.694478
69.696139
69.712450
69.733385
69.608762
69.613373
69.647092
69.718588
69.649034
69.622442
69.595264
69.743079
69.597378
69.617079
69.688206
69.668076
69.712831
69.673349
69.661737
69.628005
69.627817
69.730950
69.692377
69.716524
69.762614
69.675432
69.779487
69.713554
69.688804
69.730225
69.655800
69.686751
69.614576
69.704788
69.662767
69.655152
69.666136
69.617254
69.693329
69.645898
69.686298
69.716633
69.623794
69.618880
69.693408
69.699666
69.547243
69.677986
69.604174
69.704467
69.783519
69.610340
69.714722
69.691094
69.678695
69.753777
69.662868
69.699344
69.775727
69.657633
69.683507
69.681020
69.694793
69.692586
69.605582
69.664485
69.734474
69.705832
69.662864
69.717372
69.615060
69.626031
69.647613
69.744358
69.737288
69.717306
69.628077
69.642661
69.636788
69.811599
69.655673
69.696018
69.622469
69.693083
69.670462
69.686396
69.637396
69.678300
69.687237
69.722256
69.646355
69.689246
69.672281
69.653084
69.617023
69.610786
69.729866
69.693632
69.670823
69.621138
69.617012
69.618296
69.593649
69.669631
69.728557
69.700859
69.625924
69.658946
69.746826
69.671673
69.639541
69.701529
69.663018
69.702098
69.682846
69.675195
69.678693
69.670654
69.654905
69.775695
69.639190
69.643906
69.736329
69.632362
69.611358
69.731219
69.798200
69.697294
69.686790
69.650719
69.619475
69.712409
69.618919
69.695808
69.675561
69.729246
69.806939
69.666302
69.648810
69.611293
69.647603
69.598421
69.687422
69.726573
69.655982
69.634573
69.725452
69.675497
69.681733
69.702274
69.643856
69.728699
69.719584
69.632544
69.670260
69.677088
69.731864
69.708791
69.574961
69.651156
69.658982
69.725529
69.631594
69.612243
69.582535
69.780978
69.609546
69.699125
69.630451
69.672080
69.683504
69.711940
69.734389
69.659640
69.664586
69.782909
69.645245
69.643674
69.716521
69.727232
69.600112
69.590067
69.686474
69.702827
69.785924
69.802338
69.681692
69.536220
69.695769
69.760552
69.759783
69.660676
69.662377
69.722410
69.799096
69.692569
69.722018
69.783417
69.680237
69.668867
69.602974
69.665632
69.634872
69.667056
69.730123
69.643589
69.685113
69.783145
69.715432
69.595644
69.711621
69.616934
69.676710
69.714307
69.731527
69.575109
69.651639
69.628831
69.779002
69.689979
69.625228
69.698507
69.686204
69.786050
69.613532
69.690027
69.672354
69.705749
69.638952
69.659807
69.648496
69.662634
69.658799
69.699837
69.678231
69.638415
69.663621
69.653493
69.676537
69.673160
69.627850
69.691107
69.662323
69.702649
69.603211
69.676864
69.670166
69.619174
69.786729
69.718129
69.622241
69.829988
69.610481
69.628671
69.704152
69.639992
69.751730
69.653151
69.671097
69.614774
69.708960
69.638577
69.648057
69.809840
69.634742
69.721238
69.754843
69.679182
69.600337
69.608053
69.683732
69.619800
69.717427
69.667505
69.624450
69.622710
69.600083
69.697016
69.695911
69.674400
69.822335
69.739427
69.699059
69.715232
69.631957
69.667878
69.688097
69.668121
69.648363
69.669412
69.703686
69.694377
69.640983
69.696985
69.689191
69.685027
69.665179
69.661334
69.681179
69.660948
69.661592
69.634219
69.657782
69.688493
69.699997
69.709633
69.587590
69.618694
69.791897
69.664158
69.646480
69.658427
69.689581
69.682158
69.656004
69.754420
69.653042
69.647835
69.628747
69.639213
69.622193
69.647166
69.661315
69.655745
69.647561
69.661435
69.715903
69.671724
69.675587
69.662800
69.612075
69.641742
69.646160
69.767038
69.716106
69.656671
69.711640
69.725855
69.730344
69.717659
69.714960
69.701121
69.710246
69.647028
69.634446
69.799568
69.681457
69.625158
69.688611
69.571076
69.633490
69.687772
69.631459
69.609631
69.689699
69.734973
69.615445
69.618589
69.653566
69.615982
69.600598
69.653101
69.627202
69.625111
69.657804
69.668916
69.841458
69.690774
69.630392
69.673245
69.651033
69.637771
69.734850
69.671202
69.700770
69.652640
69.645087
69.753427
69.613210
69.702232
69.671796
69.612939
69.659150
69.759040
69.670053
69.722998
69.712185
69.680496
69.693703
69.644825
69.620819
69.690448
69.615039
69.632110
69.616487
69.763048
