51.591585
51.510033
51.533226
51.464922
51.559810
51.368120
51.571963
51.594576
52.414822
51.674269
51.595448
51.553357
51.429987
51.557034
51.349934
51.603273
51.496611
51.529851
51.636440
51.535551
51.486005
51.588427
51.477776
51.422696
51.687094
51.362708
51.542177
51.615080
51.354337
51.598766
51.585942
51.707740
51.529203
51.661575
51.443109
51.539039
51.451784
51.538038
51.355789
51.667837
51.571939
51.411142
51.653923
51.492704
51.881433
51.641638
51.371942
51.367297
51.454792
51.474405
51.408311
51.497594
51.344937
51.529297
51.475385
51.735355
51.427768
51.498611
51.518834
51.530890
51.720985
51.571087
51.471035
51.433589
51.595506
51.604953
52.590863
51.571535
51.578041
51.584640
51.477470
51.599638
51.643936
51.464265
51.549020
51.488211
51.534901
52.517759
51.544756
51.376050
51.544156
51.411881
51.561229
51.495552
51.675680
51.501248
51.536842
51.517034
52.400527
51.349470
51.396596
51.603254
51.566813
51.481559
51.413720
51.350138
51.459302
51.540435
51.318730
52.518061
51.390019
51.422591
51.576079
51.476035
51.464196
51.623582
51.350502
51.616533
51.626474
51.638750
52.488239
51.528255
51.491291
51.565587
51.512134
51.604963
51.478801
51.651162
51.343367
51.532970
51.352101
52.577201
51.531175
51.526063
51.529140
51.531531
51.454555
51.580937
51.523516
51.612056
51.524470
51.461547
51.538279
51.519101
51.346867
51.649474
51.472205
51.366177
51.574305
51.361033
51.499608
51.469578
51.482471
51.398011
51.581269
51.411411
51.567163
51.536967
51.584404
51.388550
51.615224
51.372832
51.532765
51.587476
51.565005
51.364713
51.663667
51.780781
51.506832
51.699557
51.294778
51.567531
51.530050
51.367953
51.517989
51.541381
51.332758
51.381183
51.937280
51.470963
51.564529
51.417438
51.496846
51.324727
51.550800
51.627508
51.438101
51.677293
51.498788
52.516714
51.578927
51.562812
51.465140
51.623130
51.355620
51.610433
51.608261
51.342854
51.519427
51.562090
52.420195
51.634083
51.417972
51.332721
51.517476
51.510036
51.634796
51.479220
51.465853
51.539750
51.431950
52.454486
51.509949
51.427355
51.567307
51.442390
51.594403
51.582838
51.416366
51.380807
51.537918
51.432023
52.457799
51.443673
51.499115
51.425069
51.421070
51.508760
51.508216
51.526245
51.337545
51.384193
51.501741
52.463002
51.341028
51.468222
51.482608
51.371843
51.695719
51.312761
51.552483
51.601648
51.345385
51.547591
51.745690
51.430690
51.380114
51.513518
51.583279
51.473877
51.364162
51.626098
51.514796
51.490012
51.619097
51.564957
51.679211
51.557843
51.609939
51.502785
51.506014
51.363254
51.602115
51.463038
51.381538
51.525107
51.584416
51.576862
51.451406
51.566919
51.348883
51.556807
51.594847
51.564589
51.600038
51.594059
51.664464
51.664848
51.533886
51.620485
51.763196
51.598849
51.592947
51.628285
51.552376
51.547266
51.456309
51.532426
51.534795
51.501914
51.464817
51.775252
51.644278
51.594752
51.465789
51.514380
51.343457
51.491718
51.520271
51.564413
51.557084
51.459834
52.385959
51.567501
51.655967
51.575565
51.592638
51.571776
51.414452
51.607066
51.582533
51.525486
51.468519
52.498097
51.359337
51.620158
51.445196
51.521799
51.322331
51.538707
51.513422
51.468178
51.508513
51.423842
52.461083
51.388561
51.294580
51.424082
51.550168
51.430221
51.481296
51.529163
51.589845
51.420875
51.652511
52.539859
51.404322
51.672176
51.491073
51.578187
51.542005
51.409488
51.424192
51.696334
51.559949
51.637886
52.478847
51.344101
51.565184
51.607832
51.416516
51.515277
51.611192
51.503771
51.474144
51.623034
51.511395
52.492763
51.622158
51.335033
51.511793
51.453652
51.484829
51.440654
51.454143
51.539012
51.565518
51.497173
51.564417
51.533984
51.707283
51.552356
51.357628
51.797918
51.390763
51.356204
51.512442
51.605929
51.512029
51.333453
51.579039
51.365354
51.706515
51.528879
51.528013
51.564123
51.495554
51.487226
51.625445
51.466109
51.491250
51.701757
51.534574
51.804513
51.560953
51.628610
51.359405
51.606830
51.380319
51.377785
52.266512
51.478968
51.341267
51.461580
51.964694
51.610010
51.666392
51.613172
51.579086
51.666234
51.572180
51.557553
51.499038
51.579118
51.615361
52.708813
51.407849
51.593303
51.506362
51.595342
51.424258
51.624477
51.561761
51.503803
51.609984
51.556372
52.488078
51.748692
51.382108
51.387673
51.671942
51.609242
51.358807
51.438267
51.491032
51.412779
51.575133
52.371248
51.565249
51.411143
51.485116
51.539678
51.583681
51.584053
51.485702
51.404477
51.495174
51.474583
52.588159
51.393090
51.617152
51.566685
51.597892
51.570276
51.601261
51.390583
51.626177
51.492068
51.645776
52.265574
51.725032
51.427719
51.490238
51.465417
51.363466
51.530205
51.686110
51.399902
51.547888
51.561196
52.498328
51.538684
52.272304
51.610418
51.462019
51.580038
51.457427
51.546148
51.609806
51.525072
51.619644
51.525960
51.678168
51.853823
51.594632
51.541644
51.387497
51.647885
51.595428
51.616178
51.513082
51.598794
51.674390
51.606072
51.604036
51.754423
51.594893
51.562596
51.622711
51.611180
51.510061
51.417403
51.639345
51.460310
51.465790
51.421738
51.591626
51.515684
51.779680
51.523754
51.504847
51.400386
51.394832
51.544784
51.709623
51.518053
51.463619
51.711212
51.407002
51.381784
51.705367
51.356702
51.556824
51.677461
51.576273
51.549677
51.537526
51.362647
52.530425
51.417608
51.448427
51.315341
51.469511
51.336024
51.421057
51.474376
51.562311
51.453914
51.586505
52.453737
51.581108
51.624959
51.584532
51.413885
51.666474
51.456473
51.559101
51.453306
51.512447
51.364420
52.700602
51.688819
51.589049
51.562638
51.579324
51.517371
51.595161
51.577873
51.561764
51.580403
51.629575
52.391285
51.655018
51.448181
51.587205
51.615021
51.405168
51.455447
51.623276
51.340963
51.490466
51.372935
52.472037
51.515986
51.699379
51.518457
51.598011
51.586341
51.586931
51.558639
51.616846
51.478762
51.599827
51.601349
51.657475
51.524606
51.678738
51.288802
51.416986
51.619055
51.692334
51.542496
51.621807
51.509776
51.463666
51.577084
51.439742
51.586692
51.730630
51.575639
51.434361
51.591207
51.630664
51.509794
51.606176
51.503519
51.485166
51.477285
51.687554
51.605508
51.705052
51.500372
51.393761
51.569699
51.432467
51.494369
51.704059
51.596675
51.573753
51.787129
51.564849
51.665767
51.661955
51.600364
51.577525
51.417836
51.456773
51.494293
51.633501
51.553169
51.669834
51.425137
51.590395
51.525851
51.685786
51.486287
51.610092
51.553454
51.563725
51.559320
51.565846
52.423802
51.597850
51.529606
51.577121
51.393194
51.749243
51.413988
51.554692
51.528660
51.486049
51.421751
52.454134
51.532592
51.590620
51.508327
51.568285
51.513978
51.711187
51.500565
51.410816
51.529362
51.476583
52.297205
51.487434
51.466625
51.622361
51.553984
51.411601
51.431537
51.504195
51.437856
51.546519
51.609581
52.425506
51.687550
51.447286
51.399661
51.637934
51.559209
51.465600
51.561826
51.589238
51.619387
51.472718
52.563474
51.573932
51.489068
51.644475
51.356288
51.507697
51.689240
51.611906
51.413452
51.637205
51.347826
52.365653
51.501353
51.581796
51.512437
51.561584
51.500269
51.725025
51.551600
51.483154
51.499146
51.444524
51.414072
51.568890
51.671730
51.543513
51.475061
51.538115
51.611611
51.500653
51.588547
51.480696
51.511439
51.493438
51.486824
51.468687
51.676429
51.413557
51.570687
51.546835
51.625617
51.402404
51.410158
51.624438
51.558320
51.729742
51.314404
51.674915
51.690659
51.540631
51.509876
51.594722
51.480611
51.628882
51.609612
51.370987
51.610071
51.601411
51.625776
51.474307
51.454719
51.479652
51.575627
51.503851
51.340270
51.570424
51.553818
51.461624
51.572840
52.592235
51.370135
51.431342
51.470470
51.549673
51.414048
51.607767
51.541683
51.609670
51.441960
51.631172
52.425055
51.682591
51.507741
51.687053
51.386109
51.605290
51.555539
51.792617
51.614811
51.653913
51.476421
52.465565
51.532808
51.667270
51.512648
51.614849
51.544478
51.621824
51.606565
51.727188
51.471638
51.492428
52.522208
51.665698
51.552968
51.685282
51.574092
51.423129
51.580787
51.617513
51.525976
51.541107
51.488871
52.503776
51.650272
51.615717
51.543552
51.571859
51.431951
51.614772
51.648691
51.532572
51.526731
51.463614
51.569255
51.537372
51.529189
51.633428
51.502587
51.514841
51.590223
51.359943
51.481423
51.622013
51.347879
51.576516
51.358246
51.518924
51.675475
51.411890
51.341648
51.806717
51.392546
51.680961
51.538225
51.640450
51.327489
51.443833
51.408034
51.837505
51.403411
51.512540
51.451645
51.482778
51.386180
51.519331
51.423941
51.585970
51.651422
51.691109
51.757431
51.448719
51.529974
51.643483
51.585031
51.665906
51.390193
51.421287
51.719748
51.522637
51.529161
52.603969
51.470757
51.573359
51.584645
51.523063
51.612492
51.441212
51.419044
51.588519
51.591828
51.373791
52.388979
51.410847
51.496003
51.450043
51.638829
51.564599
51.401352
51.638858
51.616596
51.389054
51.602928
52.481556
51.451612
51.538607
51.661670
51.520711
51.655374
51.389822
51.490450
51.519290
51.341564
51.497804
52.559418
51.407829
51.487188
51.549284
51.499643
51.569235
51.375562
51.485807
51.320237
51.627541
51.549082
52.586045
51.453751
51.498774
51.561312
51.743683
51.552995
51.376803
51.591049
51.318582
51.439205
51.651219
51.413206
51.508884
51.457383
51.650078
51.549647
51.728878
51.556035
51.480962
51.514893
51.495076
51.574184
51.542924
51.661092
51.493823
51.654026
51.548572
51.512376
51.475886
51.361248
51.615160
51.386692
51.504430
51.582924
51.434220
51.346001
51.562870
51.700704
51.586391
51.385610
51.457943
51.581824
51.600906
51.646626
51.523380
51.492363
51.465292
51.779140
51.328292
51.588114
51.605612
51.454869
51.543793
51.362059
51.482248
51.676169
51.576800
51.555162
52.574028
51.388220
51.483210
51.534034
51.435019
51.454279
51.465707
51.519245
51.488066
51.493227
51.581176
52.561024
51.683404
51.357336
51.325767
51.400606
51.335322
51.473075
51.392541
51.574254
51.427135
51.491114
52.395374
51.536687
51.471702
51.663610
51.561799
51.694026
51.331077
51.496289
51.517612
51.552628
51.494940
52.553492
51.574704
51.481440
51.521086
51.517804
51.563504
51.362907
51.444568
51.557509
51.476023
51.551758
52.483720
51.553967
51.661140
51.468325
51.500702
51.558102
51.485302
51.517704
