0.708034
0.706979
0.707193
0.706936
0.713449
0.706248
0.706762
0.706292
0.706626
0.716683
0.707201
0.706839
0.707089
0.708451
0.707762
0.711763
0.708786
0.707323
0.706841
0.707421
0.720227
0.707329
0.708094
0.706923
0.708491
0.707489
0.711748
0.708668
0.706852
0.706422
0.707061
0.719952
0.708536
0.708666
0.706954
0.706886
0.707222
0.710242
0.707122
0.706859
0.708074
0.706532
0.719971
0.707276
0.708471
0.706458
0.708576
0.708483
0.712020
0.706620
0.706876
0.706669
0.707510
0.722039
0.707050
0.706799
0.707404
0.707123
0.707120
0.709731
0.707444
0.706838
0.706815
0.707830
0.720297
0.706844
0.707094
0.707556
0.707278
0.706507
0.708486
0.707313
0.706633
0.707097
0.706988
0.720364
0.706640
0.706979
0.707936
0.706978
0.706810
0.710366
0.707275
0.706734
0.707389
0.708674
0.721193
0.707343
0.707217
0.707387
0.707769
0.707248
0.708824
0.708718
0.706791
0.706868
0.707302
0.720367
0.707560
0.708602
0.707196
0.706970
0.709323
0.707984
0.706910
0.707138
0.707859
0.707156
0.710549
0.708894
0.706830
0.707801
0.707278
0.710349
0.707480
0.707071
0.708263
0.707265
0.707033
0.720912
0.707151
0.706498
0.706850
0.706903
0.711405
0.707878
0.706476
0.708397
0.707674
0.707183
0.733297
0.707071
0.706673
0.708364
0.706998
0.710074
0.708344
0.707200
0.708417
0.707233
0.707198
0.730136
0.706640
0.706992
0.707036
0.707811
0.709991
0.708476
0.707132
0.707758
0.706889
0.707356
0.716496
0.708577
0.707381
0.707151
0.708400
0.710709
0.706955
0.706664
0.707221
0.707065
0.708311
0.721420
0.706882
0.706981
0.707949
0.708641
0.710487
0.706986
0.707021
0.706934
0.707928
0.707195
0.728257
0.707097
0.707130
0.707367
0.708383
0.710228
0.707486
0.707142
0.708036
0.707662
0.707635
0.721887
0.707243
0.706974
0.708579
0.708631
0.710781
0.707202
0.708095
0.707995
0.708875
0.708283
0.706894
0.706565
0.706949
0.707289
0.707260
0.710391
0.708314
0.706686
0.707169
0.706832
0.730601
0.706504
0.707031
0.708828
0.706475
0.707036
0.711043
0.708193
0.707640
0.706770
0.707116
0.720488
0.707127
0.707312
0.708409
0.707095
0.706970
0.709536
0.708462
0.706922
0.707278
0.707160
0.716010
0.706993
0.707106
0.706184
0.707610
0.707062
0.710077
0.707810
0.707413
0.706851
0.707202
0.730980
0.706441
0.708268
0.706740
0.706776
0.707239
0.710287
0.707121
0.708253
0.708523
0.707156
0.720779
0.706793
0.708432
0.707882
0.706864
0.707794
0.709946
0.707119
0.706736
0.708247
0.706444
0.714877
0.707448
0.707248
0.707960
0.706741
0.707948
0.709887
0.707505
0.707231
0.707277
0.706745
0.729547
0.707442
0.707254
0.707042
0.707040
0.707089
0.711566
0.707404
0.706916
0.707068
0.706334
0.719796
0.708219
0.706979
0.708526
0.707838
0.706793
0.711812
0.707369
0.707198
0.706886
0.707797
0.711061
0.707304
0.707142
0.706984
0.706941
0.706904
0.707163
0.706872
0.707230
0.708193
0.707481
0.715647
0.707113
0.707313
0.707761
0.707005
0.709444
0.708520
0.707026
0.707663
0.708278
0.707034
0.730604
0.707265
0.707203
0.707858
0.707035
0.710766
0.704911
0.707805
0.706656
0.707305
0.707785
0.734499
0.706791
0.707027
0.707659
0.706841
0.711447
0.707386
0.707051
0.707671
0.706839
0.706887
0.710145
0.707735
0.706887
0.708532
0.706825
0.716229
0.707086
0.707223
0.707298
0.707704
0.707790
0.708596
0.707069
0.708747
0.706985
0.707236
0.720456
0.708641
0.707811
0.707164
0.707515
0.706787
0.709578
0.707138
0.708151
0.706982
0.708415
0.735154
0.706544
0.708222
0.707036
0.706928
0.708137
0.710215
0.706572
0.706973
0.706410
0.707106
0.722672
0.706986
0.707166
0.707074
0.707048
0.707055
0.710471
0.707549
0.707740
0.707652
0.707669
0.710564
0.706333
0.706797
0.707181
0.706325
0.708608
0.706920
0.708045
0.707478
0.707854
0.707078
0.714143
0.708440
0.706652
0.708354
0.706948
0.709711
0.706996
0.707279
0.708313
0.706956
0.708164
0.730673
0.705976
0.707007
0.708490
0.707261
0.710009
0.707381
0.707244
0.706887
0.708497
0.706837
0.858084
0.707379
0.706636
0.708208
0.706520
0.711622
0.707329
0.707394
0.707434
0.707768
0.706440
0.710523
0.707083
0.708530
0.708261
0.706832
0.711740
0.707580
0.707228
0.706676
0.706855
0.706834
0.715797
0.707076
0.706585
0.706901
0.706900
0.710389
0.707278
0.706968
0.708486
0.708002
0.706608
0.717729
0.707157
0.708173
0.707866
0.706937
0.711566
0.706678
0.707315
0.706835
0.707675
0.754101
0.707374
0.706905
0.706946
0.706845
0.706826
0.709809
0.706293
0.706981
0.707038
0.707221
0.720761
0.707630
0.706506
0.706600
0.707012
0.707056
0.710512
0.706852
0.706926
0.707208
0.706837
0.715275
0.707317
0.707279
0.706884
0.706917
0.706719
0.709504
0.707393
0.706590
0.706899
0.706958
0.731428
0.707041
0.707741
0.708304
0.707934
0.707429
0.709914
0.707746
0.707133
0.706481
0.707641
0.720179
0.707338
0.707216
0.707107
0.707010
0.707407
0.710799
0.707204
0.706627
0.707507
0.707845
0.715473
0.706697
0.706855
0.707113
0.706745
0.706412
0.709534
0.706427
0.706107
0.706833
0.707692
0.731869
0.706626
0.706462
0.705977
0.707334
0.707038
0.708314
0.707296
0.707168
0.707072
0.707082
0.722074
0.707211
0.708229
0.707274
0.707353
0.706667
0.708349
0.707172
0.707301
0.707028
0.708488
0.715050
0.707311
0.707138
0.708114
0.707220
0.707264
0.707490
0.708387
0.707373
0.707108
0.707256
0.711932
0.707850
0.707618
0.706676
0.707138
0.730468
0.707046
0.706923
0.707040
0.706820
0.707774
0.711503
0.706974
0.707017
0.707111
0.707101
0.731102
0.707031
0.706401
0.706945
0.706909
0.708370
0.709743
0.708580
0.706999
0.707175
0.706827
0.715348
0.707003
0.707269
0.707157
0.707110
0.707017
0.709892
0.708370
0.708073
0.706712
0.706881
0.720020
0.707086
0.706790
0.708564
0.706613
0.707148
0.710140
0.706974
0.707191
0.707106
0.707143
0.732853
0.707550
0.706981
0.707243
0.707141
0.707224
0.710046
0.707347
0.707123
0.706386
0.706931
0.722302
0.707950
0.708609
0.708606
0.707001
0.706827
0.710360
0.707305
0.707022
0.707238
0.707075
0.714340
0.707347
0.707249
0.707323
0.707109
0.706865
0.711467
0.708547
0.706927
0.708096
0.706655
0.731229
0.706326
0.708585
0.706631
0.707114
0.708273
0.709583
0.706919
0.707436
0.707090
0.706565
0.710613
0.707277
0.708120
0.707001
0.708120
0.710612
0.707279
0.707131
0.707234
0.707204
0.706616
0.720255
0.706858
0.707479
0.708631
0.708132
0.710451
0.707094
0.706885
0.707076
0.706318
0.707348
0.715551
0.706916
0.706447
0.707084
0.708357
0.719006
0.707008
0.706979
0.707202
0.706993
0.708560
0.739217
0.706969
0.707140
0.707006
0.706969
0.710805
0.708098
0.707070
0.706456
0.708459
0.707124
0.720614
0.706913
0.708749
0.708744
0.708089
0.711236
0.706780
0.707712
0.707154
0.707057
0.708268
0.716353
0.707013
0.707376
0.707767
0.707067
0.710659
0.707168
0.708556
0.707171
0.707003
0.706885
0.730385
0.707208
0.706859
0.707349
0.706784
0.710523
0.708627
0.706989
0.707258
0.706866
0.706955
0.721545
0.707226
0.707487
0.708102
0.707340
0.709113
0.707093
0.706527
0.706805
0.708238
0.706996
0.713853
0.706842
0.707085
0.706512
0.707347
0.711690
0.708431
0.706636
0.707046
0.706757
0.706577
0.707751
0.708243
0.707990
0.706830
0.706765
0.709837
0.706708
0.708801
0.708172
0.707247
0.721856
0.707084
0.707160
0.707309
0.707885
0.708655
0.709967
0.706605
0.707248
0.706609
0.706940
0.710392
0.707457
0.707171
0.708076
0.708245
0.707063
0.715780
0.708428
0.707865
0.706725
0.706695
0.711074
0.707317
0.706994
0.706247
0.707215
0.707100
0.730612
0.707145
0.706976
0.708675
0.706957
0.709744
0.706801
0.706620
0.707216
0.706205
0.707268
0.730552
0.706220
0.707220
0.707677
0.708787
0.709944
0.707157
0.706937
0.707194
0.706782
0.708494
0.716138
0.707026
0.708263
0.706760
0.708254
0.710407
0.707939
0.707339
0.707223
0.707279
0.708646
0.720039
0.707141
0.708692
0.707096
0.708507
0.709702
0.707175
0.706608
0.708823
0.708576
0.707854
0.728654
0.706871
0.707170
0.706910
0.708731
0.710182
0.708200
0.708483
0.707337
0.707068
0.706913
0.719935
0.707029
0.707040
0.707626
0.706986
0.710579
0.706917
0.707020
0.707074
0.708387
0.715121
0.707162
0.706945
0.707229
0.706696
0.706985
0.710504
0.707650
0.706564
0.707721
0.706963
0.730500
0.707393
0.707133
0.708434
0.706844
0.708187
0.709832
0.707370
0.707198
0.706500
0.707649
0.719920
0.707186
0.707115
0.706813
0.707087
0.707200
0.710133
0.707147
0.707188
0.707186
0.708306
0.716517
0.706947
0.707192
0.706872
0.707109
0.707766
0.711829
0.707396
0.707202
0.706778
0.707164
0.730932
0.706793
0.708312
0.706241
0.707005
0.706769
0.710101
0.707255
0.707239
0.707140
0.707594
0.720557
0.707277
0.707793
0.706891
0.707378
0.707337
0.710907
0.706987
0.708693
0.707710
0.707042
0.715370
0.707307
0.707984
0.707952
0.707344
0.706796
0.711895
0.707199
0.707116
0.706795
0.706453
0.730366
0.708778
0.706468
0.707255
0.708436
0.708163
0.708652
0.706935
0.706719
0.708129
0.707131
0.720451
0.707178
0.708548
0.707091
0.707238
0.711766
0.708245
0.707620
0.706711
0.707016
0.708618
0.711881
0.708529
0.707995
0.708319
0.707069
0.714762
0.706564
0.707011
0.706775
0.706713
0.708495
0.709103
0.708667
0.707085
0.707083
0.707046
0.730086
0.706806
0.708102
0.707095
0.707195
0.707051
0.709644
0.706840
0.707683
0.706926
0.707021
0.730379
0.706876
0.706874
0.706951
0.707217
0.707211
0.710434
0.706802
0.707159
0.706894
0.707172
0.714526
0.707171
0.707195
0.707315
0.706985
0.708448
