12.184792
12.899478
12.599152
12.342222
12.208042
12.135213
12.096848
12.125833
12.129374
12.059284
12.036302
12.042433
12.040373
12.032775
11.979402
12.052677
12.020190
11.986683
11.986259
11.970917
12.012519
12.019475
11.959377
11.981462
12.017812
12.013512
11.964254
11.964062
12.039551
12.014758
12.006245
11.963419
11.946192
11.950189
12.041948
12.046726
12.011071
11.980766
11.973324
11.968230
11.974536
11.994954
12.067829
12.017071
12.004381
12.041230
11.990543
11.958133
11.964548
11.961590
11.956605
11.965111
11.947316
11.954653
11.980809
12.008428
12.094502
11.976658
12.017740
11.952159
11.984334
11.957578
11.945024
11.964461
11.956934
11.934511
11.940306
11.937906
11.950244
11.979381
12.061456
11.999747
12.001078
11.972200
11.969129
11.964569
11.958522
11.928689
11.973102
11.951905
11.956198
12.049104
12.181379
12.003752
11.970238
11.946975
11.946056
11.989261
12.032609
11.956976
12.022356
12.000287
11.987434
12.019479
11.960175
11.945565
11.943943
11.947621
11.943596
11.930868
11.938421
11.999905
12.036853
12.001968
11.945668
11.974373
11.992469
11.998328
12.036381
12.017676
12.000470
11.958893
11.955952
12.009712
11.969409
12.005196
12.016187
11.981528
12.034540
11.996512
11.991984
11.965641
11.994192
11.970640
11.955522
11.953529
11.954302
12.036138
12.049614
11.944602
11.959161
11.951879
11.945423
11.954352
11.946777
12.003745
12.041676
11.992763
11.989292
11.969366
11.977846
11.957120
11.950041
11.966863
11.948229
11.966844
11.965974
12.068812
11.964361
11.942717
11.945839
11.956861
11.937193
11.942283
11.935810
11.950790
11.996542
12.058868
12.003580
11.994048
11.978185
11.938621
11.967652
11.953146
12.012568
12.002235
12.036879
12.012854
11.997840
12.007470
12.070500
12.023790
12.012540
11.998594
11.989972
11.996313
11.988165
12.057164
12.006200
11.972916
12.001943
11.991056
11.994157
11.962660
11.952585
11.962734
11.952749
11.950527
11.962388
11.965338
12.051817
12.104767
11.999772
11.973462
11.956345
11.974498
11.956055
11.959197
11.947995
11.935739
11.958024
11.954185
12.080575
11.984834
12.007415
12.000318
11.966428
11.974093
11.954728
11.959725
11.958171
12.012596
12.052899
11.965295
11.983791
12.000105
11.959852
11.952983
11.969763
11.962840
11.968810
11.981367
12.052553
12.054721
12.014780
12.009108
11.955580
11.962340
11.966906
11.967148
12.063607
11.946281
11.955131
11.968304
12.021283
12.002654
11.973851
11.953025
11.957152
12.038292
11.989803
11.952593
11.964248
11.962923
11.969180
11.963691
11.975151
12.030223
12.061597
11.994312
12.167837
11.974513
11.978622
11.992603
12.068708
12.009014
11.998957
11.989924
11.976444
11.972862
11.946175
11.960990
11.947689
11.949616
11.949297
12.013844
12.083282
12.003923
12.009174
12.002140
11.955163
11.948120
11.948167
11.938419
11.934738
11.956926
11.950626
11.936654
12.017864
12.088708
11.980012
11.961923
11.953062
11.966757
11.946544
11.945045
11.947400
12.056687
12.033203
12.021060
12.049282
11.984035
11.988294
12.043043
12.026647
12.035453
12.054037
12.023526
12.050763
12.057031
12.001399
11.973527
11.955775
11.932858
12.009885
11.948630
11.973806
11.949394
11.959677
11.953711
11.947390
11.952186
11.954913
11.957944
12.081767
11.995089
11.976460
11.976308
11.961977
11.962775
11.969667
12.009658
11.973975
12.054908
12.013208
11.982405
11.992471
11.967936
11.958833
11.959830
11.955012
12.064411
12.074604
11.974088
12.028001
11.976723
11.964834
11.974776
11.943024
11.951953
11.960832
11.966317
11.954455
11.943761
12.023549
12.097524
12.008732
11.966740
11.966977
11.969451
11.983327
11.988468
11.970080
11.974930
11.970669
11.957101
11.967129
11.949768
12.139646
13.705830
242.170743
27.144007
19.150244
15.177451
13.195099
12.101833
12.014955
12.018768
11.991864
12.001610
12.080224
12.031814
11.971059
11.973309
11.958611
11.954105
11.973060
12.033941
12.008473
11.960968
11.952546
11.975740
11.953065
11.957885
12.064229
12.062760
12.020845
11.981134
11.970119
12.008921
11.989869
11.965942
11.967671
12.137655
12.024864
12.007169
11.990301
12.061128
11.995329
11.975641
11.965892
11.978532
11.956550
11.967678
11.964799
11.965093
11.963096
11.970223
12.102126
11.993134
11.969535
11.975101
11.956164
11.981911
11.963048
11.966869
11.952398
11.950547
12.072383
12.047554
11.995480
11.966166
11.965820
11.971133
12.025992
11.968464
11.966747
11.955500
11.948936
11.947196
11.962179
11.995305
11.984381
12.081854
12.053999
11.987788
11.966695
11.987062
12.029400
12.028861
11.993050
11.989246
11.978820
11.968136
12.021928
12.025884
11.996233
12.024470
11.998607
12.005202
12.004029
11.992097
11.969995
12.031058
12.016195
11.971904
11.973629
11.973627
11.982577
12.071375
12.011370
12.001938
12.004507
12.052234
12.013477
12.022054
12.015879
11.981379
11.972308
12.002406
11.967521
11.961903
11.961660
11.981407
11.986827
11.973995
12.068397
12.073875
12.030254
11.986178
11.986985
11.984401
11.972567
12.014597
12.012764
12.085046
12.025482
12.066175
12.010043
11.972040
11.978368
11.979879
11.957540
11.982671
12.073143
11.986533
11.967881
11.974841
11.963107
11.965258
11.968878
11.969578
11.959953
11.987509
12.036206
11.982795
11.969849
11.987649
11.992303
11.957713
11.974108
11.960867
11.952403
11.951441
11.963739
11.984341
11.964164
11.966426
11.972425
11.967165
11.965317
11.958758
11.972777
11.979834
12.166794
12.008327
11.969490
11.959645
11.970381
11.978435
11.976762
11.967629
12.090895
11.964982
11.980432
12.063131
11.991873
11.997859
11.987397
11.983073
12.069545
11.961784
11.965518
11.958612
11.962883
11.964354
11.945571
11.954597
12.013340
12.050247
11.993123
12.023384
12.037621
12.006611
11.963441
11.955976
11.954772
11.958644
11.957846
11.950261
11.971566
12.117077
12.017520
11.974832
11.973513
12.138250
12.007996
11.982376
11.959208
11.963223
11.966448
11.963575
11.969951
11.953902
11.956064
12.037708
12.020423
11.974857
11.963299
11.965275
11.977135
11.966412
11.969490
11.950259
11.959976
11.994815
11.971762
11.973341
12.122642
11.993601
11.956651
11.967868
11.962353
12.012113
11.953819
11.955656
12.013965
12.011410
11.989767
11.991893
11.993957
11.971339
12.045559
11.986996
11.977851
11.958405
11.954533
11.949968
11.945204
11.948770
11.938323
11.939623
11.951527
12.062294
11.970190
12.020377
11.996026
12.009730
12.023103
11.993353
11.965048
11.948755
11.968164
11.952947
12.117084
12.036578
12.007830
12.000219
11.951071
11.963855
11.965066
11.962577
11.963615
11.968475
12.035075
12.043563
11.960967
11.962426
11.954302
11.946872
11.956601
12.017259
11.991308
12.048335
12.059954
11.965974
11.989410
12.012855
11.963337
11.990776
11.988625
11.966918
11.987909
12.055692
12.096852
11.987372
12.016108
12.000876
11.969988
11.948611
11.932648
11.955756
11.959489
11.958869
11.968150
12.079226
11.992745
11.986932
11.940685
11.959141
11.947195
11.954581
12.056528
11.976530
11.981309
11.978175
11.981999
11.968514
11.999698
11.973251
12.028732
12.043865
11.977181
11.965889
11.979394
11.963301
11.959411
11.961673
11.945880
11.958088
11.957611
12.033153
12.088037
12.004755
12.016646
11.951522
11.953655
11.962857
11.965811
11.960522
12.055487
12.041410
12.012369
12.010706
12.064213
12.045091
12.028200
11.994667
12.007776
11.998153
11.983595
12.024112
12.001250
11.961522
11.932759
11.933864
11.932241
11.931894
11.988610
12.055333
11.997716
11.997270
11.957244
11.978637
11.946158
11.968329
12.076687
12.061449
12.039104
11.990813
11.952615
11.936049
11.941001
11.973661
11.924461
11.940806
11.944416
11.951136
11.964132
11.958443
11.995501
12.045112
11.961748
11.963524
11.965789
11.945623
11.950723
11.974832
12.012116
12.035771
11.978857
11.979515
11.950740
11.960810
13.247917
190.967620
24.077862
19.350356
15.371991
13.216833
12.095701
11.979333
12.000637
12.042196
11.980957
11.956857
11.962420
11.974813
11.996970
12.011355
11.994901
12.014815
11.956924
11.981382
11.966308
11.942201
12.010245
12.037054
12.010775
12.016228
11.980762
11.959822
11.965043
12.062838
11.999641
11.960020
12.008825
12.021438
12.004165
11.999900
11.995297
12.048252
12.085563
11.972120
11.963517
11.969664
11.961889
11.992402
12.022728
12.021174
12.005122
11.962293
11.953486
11.962926
11.953567
11.970954
11.970226
12.051173
12.038452
11.996343
12.004554
11.969366
11.957861
12.009149
12.034036
11.980139
11.968424
11.960849
11.961161
11.961649
11.952566
12.070191
11.996006
11.968286
11.948380
11.949880
11.966192
11.985654
11.961809
12.043257
11.973415
11.964627
11.954183
11.987300
12.038616
12.030688
11.970214
11.944547
11.976612
11.959533
11.963007
12.026757
12.046521
12.012462
11.980719
11.985253
11.995474
11.991685
11.965103
11.968355
11.962744
12.024323
12.010320
12.075568
12.033787
12.015630
12.005504
11.997317
11.960823
11.961313
11.958404
11.956494
12.017140
12.012630
11.989884
11.997630
11.995274
12.004249
11.974867
11.967588
12.029042
12.064008
11.993803
11.996114
11.989681
11.990607
12.000139
12.214388
12.042149
11.970726
11.970091
11.954405
11.997272
12.022237
11.946323
11.972479
11.969726
11.967076
11.982595
12.000976
11.981713
11.969249
11.973922
11.969351
12.011969
12.009153
11.995517
11.974358
11.964223
11.955831
12.039219
11.970380
11.965863
11.966305
11.962016
11.963278
11.956681
12.010811
12.082923
12.000801
12.005969
11.997697
12.036955
12.017223
11.991856
11.970221
11.971730
11.985621
11.959062
11.955684
11.963264
11.969522
11.964291
12.032481
12.054170
12.005648
11.966043
11.967456
11.956791
11.953788
11.960344
11.967930
11.976044
11.972708
11.992050
11.978206
12.106736
11.985958
11.958405
12.044885
12.015184
12.018294
12.063510
12.055851
11.994009
11.976299
11.970911
11.965259
11.950343
11.971863
11.977790
11.967739
11.981736
11.954283
11.956354
11.951980
11.979548
11.965781
11.969986
12.089037
12.036058
12.080823
11.961543
11.943583
11.955708
11.958707
11.978705
11.957911
12.060804
12.017920
11.973769
11.963665
11.954360
11.938121
11.951990
11.954552
11.944880
11.965112
11.953792
11.978260
12.022218
12.097475
11.988194
12.004788
11.991380
11.960726
11.964548
11.953066
11.953584
12.008255
12.064431
11.993142
11.963630
11.950870
11.977562
11.959222
11.965057
11.963436
11.943755
11.959995
