11.989464
12.126774
12.012360
11.971323
11.968600
11.948723
11.970173
11.968030
11.962180
11.980329
12.116510
12.014363
12.037671
12.018848
12.013459
11.983594
11.984893
11.969515
11.963762
12.032401
12.064859
12.031793
12.013255
11.976238
11.979180
11.958068
11.955626
12.063490
12.025487
11.954735
11.960078
11.979851
11.988503
11.969295
11.975355
12.056194
12.042601
11.991671
12.016619
12.001188
11.977069
11.982797
12.101018
12.040016
12.072724
12.019516
12.039029
12.011306
12.015131
12.020434
11.985693
12.051350
11.964016
11.976942
11.954333
11.956552
11.974871
12.048460
11.967838
11.961617
11.944819
11.961695
11.958636
11.969416
11.973898
11.941470
12.001997
12.110287
12.019888
12.008574
11.992691
12.011083
11.987878
12.073259
12.001060
11.969758
12.022285
11.968579
11.970318
11.959672
11.953570
11.981945
12.032090
11.965531
11.984183
11.942130
11.959074
11.954047
11.956302
11.977743
11.960867
11.976972
11.943857
12.060579
12.046471
11.958996
11.972327
12.013021
12.008603
11.987140
12.008372
12.003441
11.982101
12.009948
12.042805
11.985127
11.967261
11.951599
11.967053
11.977239
12.030497
11.981057
12.050236
12.031118
12.013592
11.985051
11.975131
11.984977
12.052721
12.010847
11.984695
11.971000
11.972531
11.962180
11.970658
12.058796
12.078285
11.950374
11.954730
11.944291
11.962449
11.978854
11.997892
12.007704
11.967008
11.953980
12.040521
11.952980
12.013397
11.980122
11.970622
11.980577
12.035938
12.049114
12.023039
12.019727
12.016135
11.981536
12.004725
12.087371
12.002321
11.970035
11.982544
13.469994
241.965804
30.316164
19.789322
15.488787
13.344477
12.064670
11.983021
11.990649
12.116281
12.044205
12.036677
12.055458
12.033434
11.995990
12.001488
11.999709
12.027839
11.994225
12.001591
11.994331
11.966273
12.034765
12.050910
12.019318
12.008458
11.997206
12.023500
12.026092
12.004444
12.000007
11.971718
11.984077
11.986012
12.058191
12.180588
12.109884
12.006823
11.975438
11.975518
11.973745
11.976252
11.968260
12.001530
11.953709
11.973940
12.053853
12.062265
11.992599
11.992394
12.006287
12.003318
11.992071
11.961806
11.965071
12.094381
11.992078
11.977750
11.960628
11.951533
11.974861
11.962152
11.959294
11.963542
12.034557
12.044208
11.960203
11.942425
11.938465
11.948478
11.968344
11.971326
12.046454
11.984323
11.970356
11.961605
11.952145
11.974508
11.956733
12.080891
12.005728
11.967001
11.942483
11.939068
11.957580
11.959378
11.942015
11.968191
11.976871
11.957321
11.976762
11.971816
11.964913
12.081609
12.040021
11.976397
11.939971
11.958530
11.936310
11.967670
11.979823
11.951373
12.049597
12.025914
11.965652
12.034985
12.033153
12.032556
11.996101
11.992674
11.999736
12.007503
12.049585
12.014734
12.017904
12.027131
12.001347
12.031804
12.051670
12.004077
11.986164
11.987395
12.004578
12.002061
11.978560
12.087203
12.028060
11.966742
11.960500
11.952535
12.017468
12.017007
11.972537
11.958456
11.939852
11.972311
11.968845
11.960337
11.954674
11.964764
11.951154
11.954968
11.963336
12.115548
12.012300
11.944993
11.954094
11.946960
12.026586
11.966994
11.940484
11.948870
11.952379
11.962034
11.975320
11.950360
11.973124
12.058949
12.022769
11.983066
12.000996
12.033134
12.008361
11.970437
11.958753
11.944727
11.959937
11.952262
11.942437
11.947785
11.946892
11.985526
11.980555
12.109016
11.988077
11.957049
11.990393
12.026135
12.003716
12.029800
12.071539
12.020729
11.985122
11.979267
11.984208
11.974387
11.988749
11.972852
12.094627
12.025115
12.023573
12.070246
11.996656
11.969626
11.975140
11.978541
12.038354
12.056897
11.991545
11.969009
12.111745
11.988644
11.966726
11.966930
12.044743
12.016043
11.965962
11.980635
11.975029
11.960100
11.941961
12.021839
12.034107
11.998267
12.011386
12.058065
12.002439
11.967947
11.970330
11.991267
11.973810
11.968511
11.969469
12.094173
11.998728
11.983610
11.980235
11.977149
11.984062
11.979860
11.962796
11.984384
12.118242
12.044140
12.018023
12.005970
11.994470
11.965416
11.959293
11.971788
11.966622
11.991880
12.016351
12.073205
11.976508
11.975001
11.979338
12.041006
11.999946
12.004834
12.018831
11.995286
11.997607
11.995538
11.964480
11.963043
11.963028
11.971676
11.962497
11.996183
12.105475
11.986972
11.960793
11.989194
11.942544
11.964362
11.972373
11.953682
11.979894
11.973056
11.987303
11.968765
12.035756
11.986317
12.104453
12.033632
12.025370
12.004700
12.025800
11.966360
12.015821
12.040674
12.016061
12.079503
12.030152
11.996180
11.968271
11.962667
11.977320
11.966266
11.974156
11.979731
11.955698
11.969674
12.086238
12.003533
11.979398
11.990583
11.986968
11.975611
11.990039
11.962896
11.996056
12.088396
11.980758
11.970829
11.997254
11.980416
11.976338
12.063903
12.025713
11.971446
11.966321
11.990536
12.019806
12.036699
12.033664
12.010589
12.045453
11.981278
11.989443
11.991381
11.985282
11.992828
12.030828
12.043380
11.997501
11.962708
11.961787
11.968166
11.987830
11.948344
12.010709
12.045387
12.007291
12.029763
11.990021
11.995258
12.004842
11.975581
11.992150
11.958436
11.973141
12.093069
12.030170
11.988100
11.967527
12.082249
12.036289
12.018406
11.975008
11.971422
12.001073
11.991791
12.062184
11.992301
11.969952
11.999296
12.011776
11.994873
12.046565
12.094546
12.044854
12.074894
11.997701
11.977466
11.960389
12.019505
12.176283
12.010063
12.009283
11.972481
11.977205
11.982243
11.983683
11.976315
11.966302
11.977503
11.966684
11.970388
11.978348
11.959861
11.994007
12.080025
12.027829
12.123980
11.988773
12.056250
12.036902
12.009936
11.998967
12.027614
12.040073
12.021427
13.293171
279.376187
30.714080
20.332309
15.790049
13.556950
12.061337
11.986828
11.984218
12.007450
11.979501
12.033543
11.958141
12.016871
12.005485
11.985338
11.994028
11.974126
11.970800
11.961218
11.959635
11.969004
11.992012
12.016923
11.971350
12.000976
12.020005
11.987498
11.980457
12.056890
12.027812
12.057150
11.978156
11.951706
11.945854
11.943610
11.945503
11.955538
12.000817
12.044656
11.937207
11.957947
11.980956
11.952465
11.951894
12.018305
11.962774
11.951885
11.937862
11.937235
11.986169
12.009169
11.939695
11.935661
11.930966
11.946077
11.972180
11.939930
11.961305
12.058216
12.014860
12.004606
11.959761
11.960107
12.000472
12.030549
11.981871
11.961642
11.946412
11.956628
11.928603
11.962891
11.935476
12.023717
11.986544
11.942974
11.932229
11.940980
11.943670
11.935938
11.944919
11.939412
12.035448
12.044021
12.008928
11.972086
11.991820
11.947653
11.957932
11.951312
11.965040
11.967120
12.015467
12.034019
11.956351
11.983197
11.959047
11.971939
11.979919
12.017359
12.011234
11.943327
11.952405
11.962593
11.966652
11.959380
12.022426
12.066112
11.984860
12.017241
12.036175
11.990106
11.989206
11.986157
12.167802
12.048443
11.980111
11.971257
11.972117
11.975920
11.974268
11.960701
11.978969
11.973967
11.976231
11.980462
12.035151
12.090032
12.013314
11.972539
11.971903
11.953322
12.031106
12.056275
12.001783
11.997790
11.996984
11.981458
11.975674
11.968895
11.977103
11.958133
11.979477
12.002644
11.968621
11.983421
12.116003
12.058512
11.971322
11.957332
11.943988
11.962380
11.958001
11.981280
11.956235
11.949518
11.937360
11.948371
12.046270
12.057076
11.987925
11.978128
11.978478
11.978474
11.991767
12.044047
11.990705
11.949927
11.940994
11.954382
11.945728
11.949319
11.943971
11.947177
12.033302
12.049378
11.961165
11.953178
11.938761
11.945857
11.968813
12.031210
11.957750
11.952515
11.945487
11.938655
11.952363
11.948830
11.933640
11.955036
11.942391
11.945129
11.946821
11.948806
11.963784
12.023897
11.944037
12.144541
11.970787
12.033268
12.007633
11.999405
11.951877
11.951006
11.980019
11.938109
11.959858
11.982014
11.932119
11.959231
12.086189
11.999734
12.007465
11.947117
11.964168
11.998045
11.965163
11.970009
11.942976
11.948897
11.977792
11.947705
11.954213
11.984943
12.032417
11.995461
11.969105
11.983245
11.957032
12.036173
11.981550
11.945337
11.945688
11.991934
12.009315
11.972288
12.015100
12.022736
12.022366
12.007364
11.990853
12.136587
12.032698
12.026553
12.025253
11.986797
12.011576
12.050290
11.988542
11.985688
11.944156
11.986894
11.972315
11.972817
12.011013
11.961474
12.064989
12.090909
12.087782
12.019384
12.022079
12.104745
12.035813
11.977993
11.984339
11.959657
11.988372
12.061878
12.043539
12.014966
11.978646
11.990612
11.981866
11.942472
12.083030
12.050513
11.984963
11.968495
11.950076
11.966294
11.955015
11.970192
12.181822
12.015002
11.984979
11.986808
11.987568
11.955190
11.945567
11.962727
11.963602
11.953107
11.959358
11.959728
12.039069
12.030287
11.985235
11.935910
11.934189
11.959913
12.030906
11.966872
11.976686
11.939833
11.940921
11.958542
12.018761
11.972530
11.955815
11.972063
11.961280
12.009920
11.951553
11.945880
11.947029
11.956900
11.962682
11.941393
11.950294
12.085018
11.959648
11.962901
11.980255
11.994675
11.970567
11.982128
11.953809
11.992767
12.006986
11.967171
11.935275
11.944930
11.936915
11.936041
11.940097
11.933285
11.953097
11.948955
11.955427
12.078039
11.998114
12.005164
11.947116
11.957907
11.964686
11.964780
12.005368
12.010895
11.976206
11.955818
11.968535
11.965293
11.957426
12.036710
11.959922
11.981023
11.970662
11.931658
11.964552
12.045790
12.046095
12.025550
11.949839
11.982676
12.041845
12.039866
11.969418
11.995048
12.032791
11.984871
12.024126
12.031489
11.956834
12.027428
12.020900
12.031027
12.069192
12.020997
12.057353
12.034626
12.037162
12.037138
11.994080
11.979099
11.986141
11.994277
11.998582
12.039014
12.103276
12.001990
11.996149
13.365681
219.262317
25.492964
19.723223
15.553028
13.406787
12.108574
11.985378
12.029091
12.016313
12.004800
11.976536
12.095626
12.037715
12.107539
12.050423
12.019615
11.971046
11.998855
11.978093
12.017935
11.961002
12.105699
11.997881
11.997107
11.988071
11.986115
12.009261
12.005430
12.022172
11.997960
12.034248
12.157723
11.996306
12.011043
11.979565
12.195745
11.992571
11.983198
11.960244
11.954665
11.978144
12.058458
12.055132
12.028763
11.990097
11.963608
11.943412
11.933010
11.938098
11.943423
11.949178
11.958181
11.950388
11.980726
11.946796
11.965032
12.076491
12.061475
12.005221
11.979650
11.960755
