138.480979
138.408252
138.182109
138.352955
138.452965
138.568873
138.731564
138.409614
138.535242
138.263363
138.873931
138.424694
138.391778
138.355906
138.460081
138.542436
138.341963
138.518550
138.683207
138.153156
140.535966
2056.357819
138.349645
138.491616
137.983500
138.270522
138.707030
138.321055
138.172431
138.460794
138.664683
216.331060
1425.622942
1770.374844
138.176243
138.685711
138.458974
138.760185
138.873136
138.779395
138.252600
138.491822
138.712389
138.524381
138.397341
138.626380
138.353689
138.722008
138.550748
138.577063
138.623284
138.076034
138.913970
138.522960
138.260333
138.337218
138.146445
140.737622
1146.604121
138.215996
138.304072
138.561544
138.499387
138.593740
138.361495
138.423738
138.472207
138.953081
138.781392
138.330810
138.292237
138.722875
138.732977
138.634200
138.586576
138.302037
138.560859
138.824613
138.529630
138.415858
138.558778
138.628197
139.013607
138.599285
138.533198
138.452926
139.108341
138.604662
138.769355
138.725952
138.330150
138.241864
138.221897
138.323272
138.477571
138.079049
138.320194
138.402052
138.505782
138.325622
138.437842
138.188804
138.287407
138.547869
138.833488
138.324605
138.323302
138.188973
138.601179
138.356141
138.276655
139.006177
138.629679
138.588338
138.828900
138.289949
138.398779
138.559363
138.228385
138.366681
138.252085
138.270241
140.541899
1025.650993
138.352768
138.310082
138.233810
138.871492
138.442101
138.447143
138.372789
138.353618
138.856824
138.443486
138.476724
138.348270
138.119385
138.452404
138.192150
138.425604
138.256193
138.043776
138.339922
138.407047
138.403776
138.246924
138.633786
138.687617
138.804812
138.716945
138.698819
140.557715
2331.477751
138.408453
138.360028
138.221440
138.369094
138.239451
138.467708
138.559039
138.234648
138.177302
138.445272
138.612834
138.477450
138.568840
138.343930
138.021654
138.645674
138.484840
138.483105
137.895524
139.470988
148.296333
138.733228
138.343625
138.941030
138.492540
139.196525
138.656520
138.260829
138.527235
138.588066
138.681655
138.337295
138.484832
138.086364
138.302494
194.533988
138.687278
138.683132
138.487597
138.495741
138.503496
138.404077
138.254299
138.262054
138.500302
138.312316
138.514025
138.187716
138.420976
138.552860
138.219686
138.803316
138.878603
138.461923
140.322449
1793.405833
138.320505
139.052189
138.419999
138.470699
138.625264
138.500966
138.534918
138.404149
138.489023
138.547562
138.600626
138.849370
138.858980
138.545847
138.865766
138.818638
138.761043
138.779074
138.326165
138.846040
138.804250
138.696160
140.659141
1940.209778
138.823848
138.396302
138.502843
138.207942
138.604581
138.522797
138.499182
138.579777
138.170203
138.264833
138.189067
138.339679
138.154273
138.044177
138.398796
138.571172
138.605254
138.209845
138.439769
138.702223
138.457201
140.455866
1994.943581
138.341284
138.156220
138.407862
138.134316
138.316750
138.260853
138.284492
138.113989
138.522973
138.177621
138.187190
138.403120
138.386328
138.344334
138.016458
138.306638
138.568025
138.217559
138.658261
138.159413
138.210483
139.921451
1826.074017
138.234302
138.178509
138.203385
138.666812
138.493457
138.402180
138.214928
139.035335
138.663897
138.318881
138.253844
138.240806
138.863971
138.701110
138.507547
138.605075
138.270117
138.778297
138.757336
138.698555
138.537758
138.510301
140.362954
1832.231424
138.321946
138.162791
138.049785
138.408591
138.296718
139.158021
138.417784
138.181832
138.391414
138.684641
138.289644
138.229689
138.336676
138.405240
138.702450
138.585701
138.226510
138.137026
138.417795
138.680975
138.371575
138.672986
139.989298
1775.663765
138.651451
138.440690
138.456753
138.376570
138.421681
138.666543
138.594805
138.707252
192.744424
138.434961
138.571389
138.717637
138.396756
138.143912
138.686617
138.454873
138.553997
138.385329
138.266445
138.484166
138.670144
138.351501
139.796365
2010.901822
138.398675
138.582510
138.479442
138.506165
138.646034
138.490588
138.367919
138.491852
138.627615
138.446461
138.566584
138.572837
138.679500
138.529413
138.630083
138.410312
138.794137
138.856735
138.668603
138.898274
140.214445
1825.992467
138.551520
138.579159
138.602779
138.562518
138.755679
138.739533
138.267075
138.537224
138.568130
138.541893
138.593134
138.558409
138.524992
138.515043
138.380315
138.362413
138.262820
138.261748
138.473026
138.708808
138.283238
138.370653
139.920710
1756.653069
138.403718
138.440373
138.611989
138.636033
138.274276
138.932685
138.130128
138.211949
138.743597
138.022478
138.444785
138.444125
138.236320
138.275347
138.680625
138.233537
138.353446
138.079596
138.430315
138.376123
138.355174
138.744564
138.232225
162.562646
138.392450
138.451045
138.265952
138.285835
138.437273
138.891825
138.335643
138.337603
138.207583
138.622932
138.470434
138.355803
138.365873
138.551025
138.502600
138.527525
138.561587
138.464261
138.284023
138.620747
138.361558
138.205022
138.242899
138.342987
138.565127
138.763552
138.104514
138.415686
138.434881
138.277468
138.378447
138.274361
138.648646
138.273427
140.575807
1808.775856
139.057923
139.226178
138.403991
138.751670
138.535004
138.831712
138.770777
138.320997
138.204750
138.624089
138.433421
138.548546
138.265426
138.418588
138.530214
138.596492
138.576810
138.290861
138.154793
138.519199
138.575978
138.417190
138.293646
138.199996
138.381708
138.599270
138.435911
138.419843
138.474035
138.639833
138.531390
138.484016
138.341073
138.208649
140.608107
2224.182184
179.815467
138.227955
138.245576
138.787589
138.991059
138.514405
138.353632
138.701890
138.636688
138.367848
138.460214
138.572273
138.455588
138.620002
138.604423
138.983825
138.089160
138.630637
138.589568
140.070283
1808.318626
138.628773
138.578201
138.728143
138.747946
138.595961
138.604239
138.488204
138.831048
138.228756
138.136271
138.356563
138.336908
138.679450
138.332974
138.477795
138.518756
138.581624
138.590090
138.208263
138.088761
138.460591
138.748709
140.288191
2034.381087
138.393304
138.190576
138.497483
138.248346
138.309285
138.301987
138.930917
138.506779
138.398391
138.061366
138.148822
138.589463
138.243510
138.192717
137.846714
138.211380
138.217134
138.571116
138.435692
138.319013
138.389128
189.450305
138.248898
138.539641
138.306570
138.238828
138.385921
138.323736
138.283545
138.228619
138.202120
138.328701
138.417963
138.143745
138.170811
138.099516
138.108854
138.346295
138.496443
138.446617
138.176991
138.700618
138.663757
138.369386
138.422329
138.242932
138.577500
138.569341
138.431659
138.810734
138.613202
141.189066
1891.180646
138.798252
138.438767
138.186782
138.423327
138.494185
138.274239
138.152458
138.168692
138.222343
138.427374
138.447305
138.423641
138.231573
138.151179
138.457634
138.510984
138.414981
138.099975
138.302706
138.524958
138.556177
140.136194
1825.565674
138.368794
138.664219
138.477555
138.183370
138.233815
138.305999
138.513349
138.539649
138.664722
138.354727
138.739558
138.578847
138.469045
138.264362
138.315452
138.613291
138.187275
138.396554
138.581281
138.646090
138.578897
138.770423
140.336312
1768.829121
138.352783
138.456860
138.716768
138.604129
138.398756
138.626083
138.520074
138.543578
138.286651
138.358877
138.350716
138.294857
138.749776
138.723287
190.222849
138.552413
138.399018
138.693137
138.520053
138.448097
138.905528
138.358582
140.167075
1894.415137
138.509060
138.661856
138.490836
138.848585
138.197680
138.345848
138.112349
138.669884
138.340913
138.419983
138.114501
138.472114
138.793530
138.648901
138.387391
138.278984
138.166006
138.969284
138.167784
138.511812
138.183475
139.596926
1891.935873
138.291090
138.420186
138.637873
138.575406
138.438302
138.717830
138.390891
138.227352
138.712737
138.274083
138.453225
138.164165
138.309371
138.593877
137.991686
138.474763
138.318849
138.285678
139.012458
138.315187
138.253996
138.033725
140.061263
1697.387496
138.655769
138.263142
138.274525
138.185422
138.628817
138.639939
138.629794
138.302889
138.113087
138.508029
138.411550
138.128060
138.469072
138.692980
138.426430
138.324755
138.268101
138.272026
138.253458
138.735969
138.422418
138.676751
138.440397
140.814437
1722.746327
138.713649
138.708859
138.100979
138.291522
138.222437
138.774705
138.673904
138.556570
138.311553
138.373891
138.381450
138.507466
138.478680
138.452862
138.485586
138.563555
138.694452
138.337936
138.216361
137.928392
139.022066
138.277929
140.248175
1820.267349
138.262316
138.775930
138.639840
138.420791
138.254585
138.447106
138.857284
138.471974
138.459830
138.453233
138.348120
138.499572
138.632448
138.557611
138.210653
138.466599
138.583873
138.576297
138.311788
138.464449
138.542415
138.761469
140.393400
1895.053383
138.299301
138.424163
138.352892
138.644869
138.461987
138.159799
138.453201
138.416520
138.349035
138.384781
138.578114
138.307907
138.870254
138.567329
138.388472
138.422687
138.729372
138.711609
139.774855
171.459965
138.589125
140.001865
1906.453127
138.769406
138.619818
138.557021
138.590047
191.428013
138.661270
138.377655
138.608204
138.508471
138.134488
138.743245
138.322999
138.505574
138.535742
138.403229
138.293938
138.264523
138.195758
138.625680
138.894944
138.413612
140.194350
1936.202007
138.606464
138.265671
138.483194
138.538350
138.422176
138.393707
138.183317
138.113298
138.145792
138.191649
138.534830
138.326069
138.506486
138.302682
138.497469
138.416595
138.408432
138.345541
138.191356
138.497040
138.710229
138.416107
139.130633
138.755693
138.386365
138.394388
138.345214
138.426454
138.199433
138.719920
138.167669
138.307350
138.337072
138.560839
138.462163
138.587712
138.335052
138.330160
138.559666
138.845420
138.503054
138.335569
138.381230
138.512770
138.635382
138.576376
138.361847
138.440405
138.744707
138.503739
138.582752
138.357389
138.397670
138.471790
138.329948
138.454391
138.507408
138.529810
140.329229
1042.913538
138.367074
138.513120
138.274821
138.654732
138.877923
138.559650
138.702133
138.571833
138.757674
138.447920
138.465998
138.398834
138.398391
138.467439
138.546240
138.583875
138.263144
138.640618
138.820216
138.711057
138.550104
138.734509
138.266086
139.048286
138.363715
138.487204
138.951289
139.958209
1803.980735
138.247669
138.389199
138.239953
138.253298
138.191119
138.348052
138.462748
138.289418
138.409711
138.572566
138.442107
138.461671
137.866246
138.372601
138.686176
138.512926
138.201684
138.143421
138.098215
138.382614
138.472288
138.644927
140.274949
1883.494523
138.799521
138.799306
138.414508
138.576577
138.450024
139.067387
138.793596
138.688451
138.278006
138.368847
139.021332
138.682562
138.501669
139.053009
138.490622
138.275693
138.320503
138.533959
138.302397
138.097265
138.336658
138.174723
139.807865
1981.904460
138.143774
138.238102
138.121409
138.460249
138.543999
138.844062
138.311354
138.276451
138.626753
138.252257
138.442068
138.687782
138.428765
138.768654
138.042101
138.277846
137.947513
138.164463
138.574175
138.306736
138.216257
138.883221
138.483785
138.397874
138.278805
138.469960
138.392653
138.658745
138.444414
138.386250
138.010474
138.236100
138.224610
138.612717
138.245219
