1.210560
1.209706
1.204376
1.201408
1.209713
1.207383
1.206408
1.205411
1.211168
1.205574
1.209052
1.210252
1.205524
1.204864
1.235203
1.213525
1.210705
1.220534
1.211831
1.210748
1.209909
1.259060
1.211446
1.209319
1.214754
1.211487
1.210634
1.223507
1.215820
1.215508
1.219434
1.216115
1.215445
1.220183
1.218249
1.218115
1.215865
1.218312
1.214634
1.214089
1.245788
1.217918
1.215428
1.227452
1.217768
1.216897
1.280429
1.220341
1.221356
1.220480
1.219339
1.221941
1.216029
1.226050
1.217936
1.217578
1.222636
1.221452
1.221234
1.223272
1.214363
1.205536
1.211585
1.210946
1.211529
1.209730
1.209219
1.202577
1.203697
1.210901
1.203903
1.202888
1.209096
1.204322
1.206579
1.208633
1.209392
1.214312
1.204038
1.212536
1.204673
1.205084
1.210881
1.207878
1.207907
1.210949
1.206442
1.207313
1.210358
1.207441
1.206500
1.207426
1.214912
1.213150
1.208250
1.214387
1.207144
1.209557
1.213585
1.210033
1.209793
1.216227
1.214658
1.214456
1.218737
1.218311
1.215111
1.214581
1.220073
1.215900
1.219163
1.224092
1.215322
1.215903
1.276861
1.217543
1.212751
1.217966
1.212750
1.212029
1.213985
1.220417
1.214799
1.214576
1.220478
1.214075
1.215259
1.228810
1.216815
1.215125
1.364973
1.220048
1.215924
1.221419
1.220859
1.219830
1.219897
1.213860
1.203238
1.202004
1.214782
1.204993
1.204603
1.209163
1.207862
1.202445
1.208456
1.205306
1.204795
1.202926
1.212272
1.204199
1.203404
1.209885
1.204748
1.204248
1.212906
1.205138
1.204959
1.247331
1.215888
1.209555
1.214595
1.210065
1.210425
1.208881
1.277291
1.210588
1.210666
1.240478
1.210400
1.206501
1.215058
1.208757
1.208705
1.226958
1.215763
1.220670
1.212206
1.217968
1.210046
1.209166
1.216908
1.210201
1.212452
1.214470
1.210444
1.208975
1.215474
1.214433
1.214599
1.213316
1.217005
1.215910
1.221417
1.243442
1.218567
1.216677
1.226787
1.217830
1.218248
1.245288
1.219597
1.217389
1.223635
1.219170
1.218228
1.218785
1.277695
1.217381
1.221388
1.223691
1.218098
1.218429
1.212383
1.204540
1.204712
1.209621
1.208485
1.205338
1.208296
1.207591
1.207391
1.206975
1.210175
1.208671
1.208975
1.217982
1.210091
1.208320
1.214072
1.209000
1.209286
1.213224
1.211264
1.209882
1.208263
1.210575
1.206137
1.206728
1.213209
1.207104
1.206702
1.215794
1.215117
1.207960
1.215143
1.214414
1.215915
1.212602
1.217026
1.211390
1.209798
1.215503
1.210442
1.210721
1.215232
1.209935
1.210366
1.215301
1.214543
1.219663
1.212154
1.219451
1.213091
1.211172
1.220553
1.212783
1.214597
1.232673
1.212846
1.213535
1.356127
1.218937
1.215345
1.225628
1.218748
1.220914
1.216380
1.227960
1.217197
1.216263
1.223182
1.217450
1.220296
1.222767
1.217281
1.218224
1.221273
1.217626
1.217393
1.211409
1.205597
1.205693
1.211881
1.214335
1.206273
1.203076
1.210062
1.204661
1.204637
1.212675
1.203995
1.206377
1.234000
1.208924
1.205615
1.213224
1.208254
1.205439
1.207434
1.271767
1.206777
1.206907
1.212480
1.206922
1.206744
1.210808
1.208076
1.208321
1.215953
1.211309
1.208645
1.209433
1.213757
1.209259
1.208896
1.222162
1.211301
1.210887
1.232652
1.213483
1.211315
1.216573
1.213308
1.212606
1.211522
1.218975
1.212582
1.216180
1.218922
1.213932
1.215894
1.235092
1.242403
1.217506
1.226756
1.214952
1.214677
1.262869
1.218985
1.215773
1.215792
1.223413
1.215172
1.217169
1.224775
1.215929
1.216126
1.221029
1.219017
1.228696
1.225991
1.219070
1.218359
1.262685
1.222307
1.217449
1.207944
1.211424
1.204911
1.208668
1.211329
1.204840
1.203499
1.208793
1.203393
1.203878
1.217155
1.206642
1.202959
1.204773
1.211506
1.204631
1.203847
1.211989
1.204381
1.204788
1.211207
1.206334
1.205451
1.214127
1.213873
1.208759
1.212281
1.225742
1.207621
1.208669
1.212085
1.209597
1.207502
1.213136
1.210297
1.211765
1.214219
1.212790
1.209676
1.210874
1.218021
1.213672
1.210451
1.223945
1.211263
1.211129
1.216155
1.212888
1.212231
1.218047
1.216144
1.212806
1.212481
1.215543
1.211903
1.214687
1.221968
1.215168
1.214393
1.257761
1.226979
1.218825
1.219879
1.216675
1.217948
1.221238
1.215278
1.219823
1.216137
1.223673
1.218301
1.218057
1.224502
1.217243
1.216497
1.223534
1.224893
1.209692
1.211251
1.208066
1.206056
1.210724
1.208331
1.204051
1.203969
1.209540
1.203956
1.204101
1.213864
1.205164
1.206298
1.212597
1.206253
1.211601
1.210363
1.210048
1.212428
1.205530
1.215278
1.208788
1.207949
1.214113
1.208443
1.208551
1.218706
1.209781
1.208142
1.213589
1.212438
1.209866
1.214926
1.240233
1.209585
1.211202
1.220130
1.211344
1.210782
1.347063
1.214064
1.210641
1.217976
1.211431
1.212210
1.215137
1.213867
1.211304
1.212185
1.225236
1.212587
1.211768
1.218686
1.215688
1.215848
1.215907
1.214571
1.213063
1.221837
1.216866
1.214092
1.213804
1.350685
1.217353
1.218645
1.262677
1.220674
1.217046
1.221683
1.218244
1.216509
1.222601
1.221463
1.218245
1.222619
1.220254
1.207674
3.316674
89.542739
1.224416
1.217584
1.212968
1.256888
1.218559
1.230379
1.251751
1.224465
1.255960
1.260091
1.210097
1.210594
1.207288
1.213297
1.204507
1.202396
1.211026
1.205448
1.206716
1.212441
1.233451
1.208629
1.213280
1.206811
1.208696
1.214533
1.209310
1.209328
1.208914
1.218375
1.208884
1.209253
1.219945
1.207911
1.209365
1.214376
1.211196
1.216840
1.218013
1.212132
1.210657
1.209517
1.217992
1.213368
1.213952
1.218648
1.212266
1.213482
1.218047
1.213858
1.212698
1.218525
1.214855
1.219049
1.215751
1.218829
1.211129
1.211600
1.217751
1.213233
1.211688
1.236409
1.221336
1.219979
1.225278
1.217239
1.216678
1.291788
1.224032
1.222443
1.232553
1.229437
1.222270
1.221911
1.317981
1.210448
1.209250
1.219043
1.211777
1.209406
1.210028
1.208799
1.207388
1.212591
1.208572
1.209032
1.208306
1.232546
1.209851
1.209650
1.211095
1.208021
1.205034
1.217074
1.208160
1.207402
1.239988
1.212472
1.209732
1.212073
1.214672
1.211369
1.213999
1.278609
1.211691
1.211439
1.214532
1.209636
1.209461
1.221898
1.209165
1.209855
1.213154
1.213928
1.213647
1.212877
1.216618
1.213898
1.212671
1.216553
1.216746
1.212212
1.215740
1.212364
1.211668
1.217848
1.213452
1.213169
1.213615
1.217293
1.212132
1.212486
1.216844
1.214216
1.215666
1.220657
1.215789
1.223400
1.219419
1.214257
1.214681
1.215866
1.222469
1.213166
1.212963
1.217521
1.213249
1.213944
1.220186
1.219472
1.215581
1.205869
1.202231
1.203340
1.216697
1.206708
1.204217
1.207080
1.247854
1.212670
1.209876
1.214616
1.211478
1.210240
1.214798
1.211059
1.211612
1.216766
1.212049
1.211228
1.215505
1.348314
1.213139
1.212417
1.216668
1.211581
1.210607
1.223895
1.209701
1.208651
1.210375
1.206149
1.206186
1.211395
1.209445
1.209701
1.210457
1.219948
1.210707
1.211367
1.219191
1.211836
1.212584
1.214206
1.212214
1.211132
1.216499
1.212501
1.215138
1.211945
1.216569
1.211777
1.212435
1.217557
1.218631
1.213523
1.218366
1.215759
1.214668
1.217815
1.215558
1.215737
1.215196
1.216053
1.216029
1.214955
1.267546
1.221060
1.221199
1.213495
1.215393
1.207107
1.320476
1.210830
1.208307
1.209797
1.207066
1.204792
1.207505
1.218352
1.205398
1.203674
1.209423
1.204665
1.203548
1.231903
1.206217
1.211040
1.211412
1.204783
1.204775
1.208780
1.212999
1.210316
1.209767
1.213864
1.209365
1.208214
1.213871
1.210766
1.210704
1.214792
1.211437
1.212304
1.230181
1.211716
1.209595
1.209442
1.214686
1.209192
1.209190
1.217143
1.213448
1.213800
1.214415
1.209876
1.210980
1.216596
1.214644
1.213608
1.216041
1.222700
1.211567
1.211315
1.217236
1.211199
1.214807
1.218326
1.220774
1.215528
1.222038
1.215809
1.216735
1.220766
1.217912
1.218483
1.219981
1.231596
1.220761
1.219053
1.220764
1.216167
1.215450
1.221986
1.218584
1.217889
1.209644
1.207400
1.207564
1.209596
1.213158
1.208476
1.207907
1.211664
1.213664
1.206660
1.214319
1.208365
1.206986
1.212627
1.208713
1.209502
1.210259
1.211239
1.206070
1.205875
1.213259
1.209117
1.209371
1.242085
1.210912
1.215132
1.215170
1.210500
1.211269
1.396292
1.222938
1.214763
1.210957
1.214859
1.206815
1.207515
1.214477
1.211384
1.212522
1.215915
1.208622
1.214519
1.221847
1.208042
1.207379
1.207625
1.210351
1.208867
1.207774
1.219738
1.212684
1.211601
1.245644
1.215089
1.215376
1.219296
1.216105
1.215759
1.226742
1.217349
1.216778
1.217688
1.223319
1.216954
1.216623
1.279540
1.220509
1.219584
1.222289
1.218629
1.218444
1.231728
1.218210
1.218069
1.224207
1.225426
1.219783
1.210819
1.210728
1.208153
1.209677
1.213416
1.209188
1.204774
1.209958
1.205675
1.208041
1.210343
1.206560
1.205553
1.206763
1.212127
1.211725
1.206529
1.214750
1.206736
1.206126
1.209231
1.209243
1.208178
1.212083
1.208744
1.208820
1.209368
1.213440
1.209616
1.210874
1.215422
1.215486
1.210942
1.218874
1.211068
1.211509
1.214043
1.210666
1.210677
1.213541
1.217032
1.212006
1.212664
1.217276
1.213726
1.215331
1.217815
1.215268
1.220154
1.220265
1.214111
1.213884
1.219370
1.214584
1.214501
1.214572
1.219360
1.215658
1.215394
1.221376
1.216589
1.215556
1.220758
1.217487
1.219936
1.229192
1.218961
1.218929
1.218853
1.231327
1.218271
1.217322
1.225364
1.218551
1.218727
1.225119
1.220504
1.207760
1.212254
1.204590
1.208034
1.263340
1.213609
1.211002
1.209658
1.214665
1.209124
1.209195
1.214612
1.210663
1.211010
1.213846
1.211821
1.211466
1.435889
1.219961
1.212530
1.217011
1.218530
1.211819
1.211836
1.275805
