0.581597
0.562458
0.555862
0.559492
0.573891
0.557891
0.563615
0.555786
0.558968
0.559584
0.552674
0.559260
0.562125
0.565946
0.560285
0.559216
0.659676
0.557559
0.559923
0.558647
0.634063
0.558588
0.562928
0.560138
0.653451
0.554123
0.561560
0.554030
0.649897
0.567153
0.555213
0.557007
0.630911
0.559170
0.562098
0.558906
0.665103
0.554609
0.562070
0.558566
0.665703
0.560073
0.560886
0.557564
0.651380
0.549561
0.560787
0.561599
0.643082
0.560970
0.556755
0.554034
0.589065
0.555478
0.558983
0.562338
0.643445
0.556381
0.555713
0.555588
0.561879
0.554558
0.556490
0.555612
0.625224
0.556090
0.560787
0.558721
0.623068
0.559680
0.555493
0.558232
0.560247
0.562203
0.560278
0.552182
0.592412
0.562343
0.555720
0.563650
0.606446
0.560192
0.554581
0.558770
0.651245
0.561057
0.560968
0.558203
0.557948
0.559505
0.556819
0.555392
0.559621
0.555297
0.558903
0.561155
0.620494
0.558631
0.558468
0.558489
0.561279
0.558181
0.556459
0.566675
0.558904
0.556744
0.559351
0.554343
0.611925
0.562220
0.555127
0.558175
0.554268
0.561072
0.554744
0.560888
0.598815
0.556811
0.557108
0.563873
0.626894
0.556101
0.554223
0.560034
0.600026
0.558268
0.561819
0.562928
0.620645
0.562756
0.559378
0.558028
0.558012
0.554011
0.558815
0.562880
0.642814
0.555030
0.556280
0.559812
0.593650
0.557877
0.561114
0.556346
0.637440
0.565498
0.559527
0.559238
0.584806
0.557313
0.559731
0.557036
0.565182
0.552489
0.558532
0.556957
0.636972
0.561091
0.556857
0.552740
0.581754
0.559634
0.554535
0.559497
0.561296
0.556508
0.557664
0.560332
0.580715
0.558783
0.558433
0.561085
0.666955
0.560406
0.560216
0.554985
0.560846
0.557901
0.560984
0.560914
0.560439
0.562946
0.553684
0.560094
0.666770
0.560762
0.560566
0.560394
0.669597
0.558534
0.551504
0.561735
0.556611
0.559315
0.551062
0.561845
0.590606
0.556964
0.560890
0.558997
0.608833
0.560259
0.556656
0.560719
0.654609
0.567227
0.563568
0.559283
0.649227
0.554437
0.554966
0.560482
0.559796
0.563694
0.555165
0.556622
0.605047
0.558881
0.557436
0.556088
0.561346
0.559839
0.557787
0.606357
0.633825
0.553757
0.558802
0.562999
0.631196
0.560152
0.557397
0.568303
0.559996
0.560567
0.557867
0.558250
0.597819
0.554786
0.561361
0.555146
0.624606
0.552877
0.559297
0.559669
0.636282
0.561760
0.558887
0.553467
0.555707
0.561218
0.553262
0.556527
0.558436
0.559163
0.555087
0.559696
0.578305
0.553452
0.555126
0.557230
0.618087
0.560216
0.562176
0.559780
0.596568
0.563108
0.552974
0.560734
0.677454
0.561434
0.561934
1.388482
0.673222
0.561209
0.558431
0.559820
0.599260
0.559872
0.554480
0.563203
0.589192
0.567831
0.556119
0.561393
0.563273
0.555976
0.560823
0.565612
0.656266
0.559252
0.556076
0.552543
0.646923
0.560294
0.558027
0.563670
0.588614
0.560943
0.554295
0.561494
0.559493
0.561953
0.557054
0.558717
0.586652
0.560244
0.560327
0.553139
0.641346
0.557901
0.563072
0.556986
0.624840
0.556225
0.560419
0.558715
0.579994
0.559385
0.559202
0.552652
0.652427
0.560062
0.550390
0.558104
0.615792
0.560170
0.558711
0.558892
0.609680
0.561063
0.558878
0.556321
0.642770
0.556440
0.554871
0.563695
0.665598
0.554863
0.550761
0.561970
0.607810
0.563330
0.553093
0.560139
0.647675
0.559552
0.559190
0.557952
0.624674
0.558359
0.559143
0.554677
0.635005
0.560445
0.553855
0.556320
0.623121
0.563061
0.551609
0.562258
0.672679
0.557766
0.559099
0.561480
0.605010
0.560367
0.556478
0.557690
0.596151
0.556650
0.560598
0.553906
0.653125
0.555251
0.557915
0.560250
0.602461
0.554545
0.560440
0.560286
0.584989
0.558478
0.557364
0.552434
0.576398
0.554374
0.559251
0.558638
0.657599
0.555585
0.557004
0.556908
0.620479
0.561326
0.557063
0.561783
0.627193
0.557005
0.555084
0.561982
0.558925
0.556774
0.558327
0.558118
0.558757
0.558925
0.556386
0.562868
0.560602
0.557925
0.558558
0.559326
0.599849
0.561287
0.561877
0.553026
0.657006
0.559706
0.554859
0.562792
0.560047
0.560419
0.557598
0.561024
0.621880
0.561511
0.562237
0.558953
0.624616
0.559905
0.558780
0.562665
0.598928
0.562984
0.561306
0.553804
0.602818
0.558600
0.557333
0.561858
0.596365
0.562225
0.559153
0.564563
0.634271
0.559230
0.556182
0.560058
0.621420
0.563004
0.559162
0.564068
0.569594
0.558474
0.556564
0.560025
0.601108
0.564816
0.561424
0.555943
0.662164
0.562564
0.561472
0.557914
0.560861
0.561283
0.559117
0.560618
0.559711
0.557301
0.562392
0.556410
0.608790
0.560809
0.561816
0.558977
0.662184
0.559001
0.556215
0.558149
0.585294
0.558199
0.560417
0.554663
0.591168
0.557137
0.556471
0.565679
0.655778
0.562026
0.558540
0.557734
0.562358
0.557177
0.561427
0.560307
0.558638
0.553817
0.556670
0.555041
0.597226
0.556172
0.561901
0.552882
0.583125
0.554143
0.554304
0.559609
0.640862
0.563419
0.556123
0.559821
0.561744
0.556284
0.548930
0.563447
0.604519
0.556292
0.556469
0.559425
0.589138
0.557166
0.560360
0.551369
0.576044
0.562099
0.558489
0.559999
0.655536
0.556859
0.562122
0.569523
0.627707
0.556370
0.560652
0.557690
0.672821
0.568731
0.561445
0.555296
0.647406
0.558475
0.557910
0.562859
0.667668
0.559061
0.560189
0.560307
0.617363
0.560332
0.556882
0.553576
0.614211
0.557291
0.560967
0.563648
0.562896
0.555867
0.557597
0.562456
0.560666
0.553915
0.560655
0.563898
0.558122
0.558886
0.558196
0.551977
0.594371
0.554630
0.559582
0.562336
0.605687
0.556073
0.557405
0.558387
0.558082
0.560457
0.560928
0.557191
0.608029
0.556312
0.555961
0.559137
0.629358
0.561136
0.560081
0.561949
0.556217
0.558127
0.556873
0.560516
0.559869
0.563519
0.561160
0.558910
0.554382
0.559499
0.555894
0.556590
0.560038
0.560009
0.556720
0.556727
0.596320
0.556132
0.555746
0.554942
0.608864
0.554242
0.553647
0.562573
0.599105
0.558537
0.561384
0.559331
0.585908
0.557140
0.559804
0.555823
0.565645
0.560376
0.559642
0.554677
0.675346
0.557081
0.558505
0.551411
0.647948
0.560847
0.549245
0.555381
0.655548
0.562533
0.555654
0.556730
0.645639
0.559924
0.563685
0.563945
0.638280
0.554878
0.556728
0.558617
0.633082
0.554763
0.561269
0.559677
0.588027
0.563833
0.558327
0.557386
0.560028
0.558620
0.561284
0.550207
0.630229
0.560142
0.559350
0.561288
0.559596
0.560964
0.554543
0.558147
0.649897
0.562714
0.559507
0.561802
0.678291
0.560579
0.559041
0.555535
0.680589
0.557346
0.553086
0.558124
0.681383
0.555676
0.557731
0.556232
0.651495
0.555341
0.560808
0.551871
0.652964
0.558154
0.564154
0.556602
0.595973
0.563282
0.558118
0.556973
0.653705
0.557344
0.558489
0.561306
0.651960
0.556593
0.558539
0.564907
0.638797
0.563497
0.558554
0.561257
0.647429
0.556332
0.561635
0.715680
0.638033
0.559893
0.558436
0.563988
0.612909
0.560733
0.557545
0.562102
0.617934
0.560835
0.555757
0.556453
0.562778
0.565553
0.557742
0.554264
0.562661
0.559308
0.559889
0.556564
0.602116
0.555756
0.558439
0.562041
0.600240
0.558872
0.561538
0.555644
0.644030
0.557166
0.557831
0.566299
0.677830
0.556114
0.553565
0.556879
0.559218
0.553891
0.561400
0.558649
0.606593
0.554121
0.559792
0.563580
0.566658
0.559944
0.556564
0.561086
0.559642
0.559053
0.556727
0.558376
0.674408
0.557579
0.560893
0.558416
0.619079
0.563228
0.557726
0.559946
0.631142
0.561488
0.559120
0.562317
0.558677
0.556923
0.559696
0.559520
0.586982
0.556297
0.553301
0.559340
0.611106
0.558019
0.560964
0.552664
0.616247
0.562792
0.558197
0.564143
0.583955
0.560404
0.556681
0.557189
0.558368
0.554376
0.554417
0.556310
0.581733
0.559515
0.560013
0.554529
0.579721
0.561020
0.560471
0.559355
0.559406
0.559215
0.551588
0.561657
0.647964
0.557721
0.559412
0.557987
0.558142
0.561337
0.561266
0.560412
0.562209
0.554627
0.558251
0.556718
0.560246
0.563680
0.559502
0.554800
0.670081
0.559407
0.558990
0.560394
0.557816
0.559649
0.563988
0.558067
0.670987
0.558559
0.556143
0.560440
0.640064
0.563744
0.563714
0.559775
0.621813
0.555694
0.558879
0.561669
0.633994
0.563586
0.556750
0.563187
0.617517
0.557008
0.552453
0.558759
0.644524
0.554119
0.557184
0.560224
0.637159
0.561246
0.558270
0.551535
0.597716
0.563632
0.560170
0.554863
0.651364
0.562451
0.560088
0.554934
0.595233
0.560146
0.560240
0.556032
0.560327
0.555647
0.557704
0.563701
0.564331
0.561272
0.560577
0.554359
0.598453
0.554270
0.562841
0.554057
0.616195
0.552450
0.560987
0.554822
0.641977
0.559565
0.561022
0.563646
0.564657
0.560210
0.562897
0.560899
0.675247
0.556276
0.556770
0.594945
0.606330
0.556783
0.559965
0.566923
0.589184
0.560316
0.559088
0.553602
0.678096
0.563355
0.559775
0.558523
0.665078
0.563851
0.561666
0.561013
0.619139
0.563260
0.556345
0.569014
0.559459
0.558736
0.559548
0.561362
0.671506
0.555694
0.555701
0.562475
0.664756
0.554785
0.555323
0.560546
0.650596
0.559798
0.558280
0.561692
0.643501
0.555864
0.562057
0.554082
0.622933
0.553509
0.560473
0.559205
0.656607
0.558668
0.561352
0.557003
0.555451
0.562565
0.560268
0.562219
0.640318
0.553578
0.554957
0.561485
0.646020
0.561416
0.552361
0.556569
0.668848
0.562500
0.561319
0.555610
0.636648
0.559064
0.554793
0.557725
0.625778
0.560473
0.559554
0.558927
0.621836
0.556099
0.559223
0.557450
0.674715
0.559308
0.562301
0.556411
0.658646
0.558741
0.553365
0.558438
0.607711
0.556390
0.558444
0.556991
0.661129
0.555834
0.554994
0.564891
0.614706
0.562327
0.557314
0.549160
0.622981
0.554091
0.558141
0.558445
