696.481661
696.251061
696.190256
696.335857
696.164051
696.106121
696.259664
696.681052
696.752733
695.881866
696.147024
696.514559
696.419098
696.039930
696.171180
696.137025
696.222663
696.777132
696.487046
696.575119
696.356926
696.209438
696.048613
696.527004
696.359272
696.310581
696.145390
696.187970
696.518368
696.245547
696.092439
696.437756
696.545832
696.158569
696.629074
696.402761
696.662017
696.424100
696.114552
696.144432
696.716210
696.491511
695.990576
696.427866
696.280896
696.355677
696.501479
696.354076
696.328161
696.730698
696.412170
696.436970
696.517812
696.449546
696.597452
696.522574
695.934658
696.194023
696.530953
696.332327
696.347895
696.416230
696.084080
696.357243
696.520557
695.983390
696.409492
696.711178
696.604797
697.046591
696.709239
696.825371
696.600092
696.395420
696.518853
696.538584
696.347687
696.703848
696.516939
696.056187
696.207180
696.415095
696.286021
696.472257
696.331286
696.322243
696.309053
696.126017
696.137980
696.423975
696.638868
696.458488
696.434821
696.447800
696.240690
696.646445
696.145287
696.085390
696.730903
696.495472
696.440111
696.139041
696.169826
696.642567
696.355533
696.234948
696.668484
696.363116
696.222652
696.568661
696.443128
696.821522
696.811125
696.245950
696.615029
696.655331
696.286096
696.429193
696.367155
696.331213
696.689533
696.684775
696.152801
697.028727
696.644654
695.997627
696.354944
696.032309
696.047511
696.274626
696.283911
696.233850
696.748227
696.318570
696.119221
696.737708
696.323518
696.264993
696.540926
696.022211
696.031276
696.684297
696.059832
696.410994
696.616844
696.259381
696.557803
696.617084
696.381145
696.379645
696.654335
696.587135
696.434905
696.347871
696.069030
696.677219
696.333258
696.722577
696.392019
696.335530
696.434985
696.379994
696.097125
696.278625
696.614194
696.025588
696.388130
696.445480
696.080169
696.508421
696.683303
696.514210
690.001669
683.275192
682.393256
683.342119
683.192431
683.409858
691.829060
696.057541
695.930659
696.230708
696.257319
695.586044
696.463094
696.242546
696.177402
696.203399
695.928225
695.916322
696.937580
696.377470
696.281709
696.783053
696.288301
696.322025
696.427581
696.402392
696.517293
696.549797
696.047126
696.567399
696.375040
696.308486
696.389042
696.444269
696.015603
696.569109
695.989043
696.127131
696.317124
696.022057
696.318205
696.352383
696.070983
696.077610
696.536058
696.135155
696.492528
696.771589
696.143734
696.606432
696.482375
696.033103
696.435935
696.033278
696.051862
696.637545
696.198187
695.778157
696.716342
696.052088
695.899675
697.069789
696.196422
696.699912
696.317778
696.603761
696.747109
695.835334
696.198576
696.639107
696.267158
696.542876
696.546294
696.557646
696.042279
696.302414
696.333823
696.206952
696.879104
696.021427
696.027793
697.100597
696.476950
696.154289
696.714698
696.467818
696.326348
696.206111
696.197218
696.371739
696.630545
695.984661
696.208879
696.374661
696.436001
696.825382
696.455790
696.127126
697.002137
696.455630
696.150833
696.610471
696.123063
696.093784
696.560284
695.859310
696.202805
696.711961
696.339109
696.486440
696.740453
695.884689
696.238280
696.417942
696.146448
696.331341
696.442355
696.165596
697.034102
696.553968
696.037098
696.961507
696.365737
695.973168
696.800284
696.260144
696.318742
696.497099
696.336451
695.791340
696.704348
696.414056
696.407084
696.444405
696.025727
696.049631
696.571851
696.084049
696.255203
696.479256
696.486221
696.373706
696.264529
696.270946
696.676414
696.400496
696.162333
696.662520
696.227748
696.598298
696.587681
696.462766
696.198988
696.810873
696.403348
696.720946
696.329721
696.352219
696.539956
696.327393
695.485929
696.708541
696.784512
696.170783
696.595506
696.803055
696.004083
696.505124
696.339830
695.984364
696.467828
696.337181
696.281603
696.456020
696.112827
696.355046
696.320860
696.354419
696.256259
696.569763
696.224445
696.627860
696.341884
696.257467
696.759709
696.459325
696.077072
696.707526
696.238201
696.080248
696.594762
696.535796
696.341661
696.554169
696.602343
696.423198
697.049262
696.415739
691.661423
696.395057
696.388518
696.915166
696.755230
696.663605
696.541238
696.497713
696.357647
697.100891
696.634751
696.024972
696.748138
696.481488
695.960619
696.476267
696.497662
696.372805
696.708103
696.154938
695.995489
696.872265
695.884389
696.103982
696.244855
695.854960
696.274487
696.308491
696.183583
696.571288
696.201404
695.774542
696.613679
696.435467
695.865845
696.529118
696.446110
696.323025
696.461237
696.407976
695.750880
696.565298
696.417488
696.142945
696.683353
696.507888
696.128583
696.759285
696.124398
696.595464
696.563971
696.568415
696.336912
696.887033
696.173000
696.967178
696.448656
696.129760
696.394755
696.510476
695.675582
696.565923
696.202033
695.957784
696.657769
696.237081
696.453384
696.539931
696.218180
696.169923
696.769825
696.238282
696.117431
696.403346
696.101183
696.389150
696.038887
696.246393
696.420804
696.283820
695.910743
696.091658
696.664782
696.268768
696.390532
696.609975
696.376299
696.696591
696.225865
696.580972
696.603274
696.188003
696.377718
696.418854
695.900675
696.679008
696.421234
696.216883
695.949196
696.568635
695.995288
696.706444
696.327309
696.186040
696.601672
696.687227
696.537846
696.618607
696.362010
695.912668
696.483483
696.054988
696.329957
696.880246
696.121665
696.372017
696.765279
696.184145
696.192198
696.298963
695.875510
695.817669
696.383275
695.739197
696.559203
696.535385
696.464596
696.682283
696.510609
696.223283
696.486131
696.299592
696.055680
696.180759
696.352814
696.745127
696.858251
696.092164
696.229284
696.696513
696.174718
696.637588
696.634302
696.092285
696.800633
696.760766
696.181245
696.566929
696.435227
696.349221
696.645419
696.660818
696.494458
696.590690
696.119416
695.823458
696.788371
696.283553
696.361082
696.496011
696.001448
696.488446
696.388195
696.007926
696.411829
696.649018
696.458272
696.139879
696.214576
696.264398
696.391676
696.724554
696.175830
696.496331
696.229454
696.350293
696.297035
696.104748
696.391423
696.557050
696.535546
696.488764
696.265519
695.994756
696.546414
696.528424
696.091751
696.536042
696.439509
695.986529
696.661276
696.722152
696.483823
696.650050
696.699202
696.183491
696.644739
696.482160
696.451517
696.852666
696.609400
696.415125
696.565985
696.258006
696.304459
696.000038
696.020466
696.193316
696.170218
696.136302
694.954193
696.214458
696.304041
696.256557
696.030243
696.220457
696.447411
696.387579
695.916974
696.526364
695.960583
696.014629
696.120361
695.999090
695.792366
696.111754
696.191492
696.365715
696.103929
696.070342
696.852583
696.625969
696.356310
696.157769
696.332897
696.038057
696.723812
696.643289
696.244651
696.701473
696.399206
695.752764
696.573493
696.265384
696.427573
696.604971
696.393910
696.541997
696.453085
696.441986
696.624082
696.624308
696.226140
696.528396
696.593832
696.325251
696.740822
696.633786
696.137219
696.844091
696.598265
696.208897
696.694611
696.507355
695.997498
696.707559
696.096043
696.280000
696.654708
696.068258
696.051565
696.673254
696.351564
696.288614
696.469979
695.873201
696.532053
696.250387
695.926025
696.730693
696.671592
696.190984
696.466764
696.488457
696.273535
696.853455
696.202739
695.962220
696.594000
696.319436
696.229081
696.537613
695.976607
696.105724
696.480307
696.401841
696.390463
696.646478
696.289960
696.229360
696.716923
696.256153
696.557599
696.655334
696.142486
696.360369
696.372766
696.105644
697.030896
696.432151
696.415589
696.592103
696.398193
696.908071
696.774826
696.009347
696.407329
696.428700
696.036309
696.729050
696.652201
696.311663
696.467411
696.467392
696.130719
696.678573
696.481381
696.239315
696.764319
696.572082
696.118284
696.758588
696.191566
695.996058
696.803115
696.366674
696.545137
696.730588
696.068196
696.440358
696.483138
696.187102
696.740786
696.300813
695.887461
696.417464
696.504855
696.035955
696.472993
696.332038
695.756876
696.797065
696.474657
696.327527
696.664420
696.331649
695.970701
696.616476
696.668219
696.696910
696.885022
696.196193
696.332139
696.975421
695.970622
696.875266
696.460135
696.114381
696.275295
696.641023
696.007612
696.190518
696.185075
696.058721
696.477414
696.534649
696.406613
697.051726
696.364181
696.325022
697.129751
696.211365
696.509899
696.158797
695.866478
696.245414
696.367098
696.114968
696.314052
695.989607
695.991934
696.627097
696.309843
696.320931
696.905336
696.625929
696.184133
696.772545
696.205026
696.153773
696.605653
696.428256
696.076395
696.196470
696.213127
696.400689
696.213103
696.308900
696.477278
696.819413
696.376087
696.562961
696.381185
696.240305
696.220968
696.336096
696.138664
696.387122
696.071242
696.330610
696.254405
696.340261
696.389250
696.708029
696.131131
696.291808
696.420284
696.536289
696.420099
696.301088
695.900784
696.363781
696.873842
696.011248
696.521480
696.498067
696.255352
696.405464
696.290715
696.015005
696.636481
696.446589
695.931238
696.445808
696.025329
696.142991
696.343790
695.664807
696.050260
696.127496
695.867383
696.538431
696.164912
696.008402
696.116632
696.133024
696.012707
696.451470
696.373872
696.414653
696.690040
696.217452
696.053571
696.562947
696.149494
696.322377
696.392073
696.173699
696.006855
696.164207
695.918987
696.267937
696.077917
696.329946
696.190350
696.258621
695.822619
696.249931
696.451051
696.027466
696.618556
696.057352
696.400189
696.513012
696.424590
696.287470
696.405928
696.145871
696.300006
696.422311
696.172001
696.245637
696.634593
695.832355
696.591985
696.517933
696.170347
696.430280
696.221938
696.099371
696.331862
696.182234
696.056164
696.505274
695.946902
695.933407
696.075150
696.177631
696.063068
696.518575
696.004188
696.383605
696.169641
696.233381
696.141422
696.147165
696.188675
696.222331
696.019009
696.387637
696.336566
696.421661
696.064460
696.565483
696.616220
695.887068
696.789980
696.290958
696.120012
696.554345
696.207357
696.311805
696.996803
696.215630
696.365482
696.762602
696.133851
696.213135
696.609624
696.590217
696.642640
696.553557
696.620376
691.002814
683.617872
682.500402
683.090048
682.938562
682.522767
690.208849
696.072057
696.052213
696.415566
696.238396
696.093284
696.285326
695.981857
696.207618
696.690125
696.329031
696.393911
696.001660
696.502518
696.389203
696.189993
696.005188
696.602718
696.618604
696.023660
696.758318
695.864383
696.250725
696.604728
696.141544
696.298631
696.997031
696.695461
696.201411
696.734886
696.448177
696.163092
696.515753
696.148979
696.235745
696.692237
696.335690
696.304646
696.297041
696.264390
696.532866
696.327871
695.995474
696.359762
696.821338
695.928566
696.604511
696.523443
696.546192
696.488993
696.197618
696.123898
696.622923
696.674237
696.176506
696.408722
696.226238
696.313654
696.257881
696.247296
696.292988
696.174754
696.551781
696.523834
696.426685
696.297149
696.811186
696.922269
696.366217
696.601386
696.741037
696.132333
696.528833
696.378082
696.228901
696.493210
695.895466
696.330303
696.269234
696.257441
696.140076
