0.158341
0.153545
0.151538
0.151899
0.156120
0.151926
0.150688
0.150304
0.150730
0.149766
0.150714
0.152464
0.150532
0.150154
0.151274
0.150331
0.150892
0.151046
0.151380
0.150475
0.150990
0.151238
0.151050
0.151200
0.150333
0.149708
0.150632
0.149494
0.150596
0.150233
0.150151
0.149990
0.150224
0.149453
0.150555
0.149728
0.150802
0.150115
0.150854
0.150294
0.150795
0.150544
0.151076
0.152692
0.152062
0.149694
0.150594
0.150737
0.150485
0.150058
0.150653
0.149831
0.150560
0.156331
0.150542
0.149978
0.150279
0.150056
0.150640
0.149860
0.150665
0.150368
0.150532
0.149519
0.149942
0.149304
0.149896
0.149396
0.149808
0.149096
0.150225
0.149558
0.149854
0.149331
0.150581
0.152263
0.150621
0.154457
0.150989
0.151109
0.150163
0.150473
0.150470
0.150034
0.150387
0.151044
0.150071
0.151327
0.150871
0.150517
0.150525
0.150696
0.150265
0.150453
0.150736
0.151132
0.151020
0.150412
0.150697
0.150326
0.149809
0.150036
0.151620
0.150633
0.163945
0.150576
0.150420
0.152161
0.150672
0.150129
0.149612
0.150775
0.149705
0.150383
0.150777
0.150480
0.150087
0.151183
0.150081
0.150266
0.150024
0.150540
0.150833
0.150381
0.150496
0.150151
0.324451
0.152901
0.150864
0.150267
0.151126
0.150144
0.150472
0.149963
0.150424
0.150183
0.150348
0.150367
0.151092
0.151153
0.149889
0.149313
0.149972
0.149685
0.150128
0.149261
0.149865
0.149366
0.149820
0.154004
0.150201
0.149371
0.150000
0.149644
0.150659
0.149983
0.150579
0.149880
0.150447
0.150396
0.150166
0.150016
0.150824
0.149903
0.150326
0.149800
0.150379
0.150449
0.150709
0.150881
0.150897
0.152759
0.152589
0.158719
0.151782
0.151695
0.150777
0.150229
0.150573
0.151749
0.150014
0.149404
0.150161
0.149709
0.149442
0.150046
0.150812
0.150020
0.150117
0.149760
0.150245
0.150488
0.150304
0.149891
0.150315
0.150202
0.150566
0.150091
0.554264
0.154990
0.150594
0.150626
0.150735
0.152082
0.150353
0.149986
0.150317
0.150755
0.150147
0.150184
0.150990
0.150799
0.150897
0.150370
0.150666
0.150515
0.151017
0.150494
0.151285
0.150802
0.152226
0.150828
0.151091
0.151450
0.150902
0.150405
0.150846
0.150943
0.150709
0.150690
0.150934
0.150827
0.152566
0.150975
0.151020
0.152543
0.151027
0.150829
0.151018
0.151267
0.150247
0.150242
0.150554
0.150180
0.215621
0.151258
0.150272
0.151101
0.150840
0.150610
0.151224
0.151224
0.152560
0.149946
0.150238
0.150420
0.150434
0.149775
0.150178
0.149740
0.150351
0.149774
0.150120
0.149868
0.150078
0.149603
0.150414
0.151783
0.163146
0.150538
0.150870
0.150833
0.150897
0.150204
0.150477
0.150126
0.150815
0.149990
0.150390
0.150327
0.150370
0.150133
0.150658
0.150242
0.151068
0.149793
0.150454
0.150158
0.150327
0.149900
0.150853
0.150217
0.155380
0.150340
0.150739
0.150093
0.150802
0.150397
0.151129
0.152155
0.152205
0.150876
0.150821
0.150622
0.150208
0.149590
0.150396
0.149519
0.150014
0.149409
0.150217
0.149742
0.150083
0.149641
0.150892
0.150328
0.155045
0.150588
0.150719
0.150474
0.150530
0.150615
0.151390
0.150531
0.151507
0.150455
0.151054
0.152090
0.151242
0.150103
0.151063
0.152009
0.151084
0.151232
0.151077
0.151110
0.150724
0.150437
0.150852
0.149764
0.150140
0.153734
0.150348
0.149804
0.150105
0.149401
0.150605
0.149437
0.150143
0.149476
0.149998
0.149866
0.150160
0.150142
0.150624
0.149957
0.150374
0.149762
0.150477
0.150396
0.152797
0.150536
0.150966
0.152655
0.150990
0.154537
0.151207
0.150764
0.150939
0.150358
0.150967
0.150374
0.150977
0.150317
0.151173
0.150444
0.150878
0.150355
0.151668
0.151209
0.151384
0.151055
0.150887
0.151188
0.151082
0.150872
0.150927
0.151013
0.150680
0.154663
0.150525
0.150420
0.150286
0.150382
0.150190
0.151974
0.150497
0.150147
0.150674
0.152954
0.149985
0.150045
0.150793
0.150327
0.150580
0.150296
0.150553
0.150738
0.150362
0.150817
0.151067
0.150673
0.151231
0.150745
0.155652
0.151715
0.151338
0.150723
0.150676
0.151125
0.150807
0.150654
0.150822
0.150857
0.151216
0.151417
0.151376
0.151931
0.151912
0.149909
0.150155
0.150852
0.155879
0.149907
0.150417
0.149882
0.150078
0.149627
0.154573
0.149966
0.150527
0.149914
0.150797
0.150123
0.150465
0.150140
0.150713
0.150516
0.150625
0.150269
0.150456
0.150053
0.150768
0.149945
0.150581
0.150300
0.150649
0.150362
0.151421
0.152437
0.151115
0.150815
0.157176
0.151186
0.150249
0.149182
0.150448
0.149762
0.150339
0.150147
0.151901
0.150168
0.150002
0.149512
0.149975
0.149300
0.150130
0.150025
0.150375
0.150366
0.150094
0.149914
0.150352
0.150369
0.150997
0.150183
0.157522
0.152087
0.152914
0.150333
0.151204
0.152818
0.151055
0.150611
0.150900
0.151266
0.151054
0.151612
0.150991
0.151527
0.151153
0.149508
0.149691
0.149847
0.149770
0.149607
0.149978
0.149635
0.150192
0.149528
0.150428
0.194835
0.150469
0.149853
0.150467
0.150145
0.150682
0.150192
0.150294
0.150611
0.150319
0.150005
0.150869
0.151813
0.150314
0.149943
0.150538
0.150428
0.150528
0.150348
0.150174
0.149814
0.150524
0.149920
0.150305
0.154716
0.150202
0.150173
0.150448
0.150039
0.150123
0.150047
0.150867
0.152413
0.150108
0.149811
0.150095
0.150020
0.149948
0.149683
0.150089
0.149722
0.149984
0.150020
0.151174
0.152670
0.151946
0.150324
0.150660
0.154985
0.150497
0.150246
0.150266
0.149953
0.150603
0.150058
0.150119
0.151230
0.150480
0.150179
0.150715
0.150184
0.150285
0.150252
0.150497
0.150737
0.150481
0.150788
0.150651
0.151074
0.150396
0.150405
0.150760
0.150841
0.151734
0.150271
0.149804
0.151302
0.149651
0.149620
0.150075
0.149860
0.149457
0.149992
0.149858
0.149903
0.156445
0.150115
0.149894
0.150582
0.150516
0.150293
0.150359
0.150108
0.150875
0.151399
0.150496
0.150291
0.155209
0.150740
0.150595
0.150620
0.150814
0.150632
0.151035
0.151320
0.154498
0.150032
0.150253
0.151396
0.149662
0.149593
0.149773
0.150320
0.149594
0.149290
0.149342
0.149924
0.149500
0.149619
0.149787
0.150017
0.157166
0.150472
0.150789
0.150118
0.150472
0.150814
0.150285
0.150353
0.150122
0.149340
0.150168
0.149659
0.150205
0.149811
0.150680
0.150085
0.150680
0.149971
0.150465
0.152116
0.150802
0.149691
0.149948
0.149717
0.149481
0.158578
0.151276
0.149666
0.149814
0.150124
0.149725
0.149233
0.150510
0.149337
0.149916
0.149205
0.149739
0.149035
0.149674
0.149400
0.150043
0.149696
0.150184
0.149429
0.150497
0.149257
0.150083
0.149656
0.155697
0.150103
0.150485
0.151823
0.150340
0.149407
0.150627
0.150560
0.150308
0.152012
0.150248
0.149717
0.150412
0.149560
0.150420
0.149911
0.150303
0.150219
0.150793
0.149607
0.150161
0.149672
0.150314
0.150006
0.154726
0.149396
0.149795
0.149384
0.149837
0.148981
0.149765
0.149388
0.149734
0.149448
0.149717
0.151050
0.150303
0.149088
0.150538
0.149571
0.150275
0.149406
0.150242
0.149624
0.150677
0.149736
0.150294
0.149996
0.154694
0.149925
0.150546
0.149772
0.150740
0.149744
0.150386
0.150097
0.150501
0.149771
0.150717
0.149952
0.149599
0.149354
0.149939
0.149970
0.151662
0.149513
0.150103
0.151155
0.150304
0.149316
0.150394
0.150047
0.149839
0.157599
0.150530
0.149315
0.150455
0.149897
0.150518
0.150065
0.155987
0.150030
0.154368
0.152320
0.152037
0.151924
0.151616
0.152317
0.151567
0.151768
0.151516
0.152014
0.151406
0.151745
0.150894
0.151104
0.150660
0.281358
0.153513
0.153536
0.151168
0.151383
0.151057
0.151828
0.151157
0.151360
0.151497
0.151554
0.151095
0.151377
0.151327
0.151591
0.151244
0.151372
0.150984
0.151302
0.150834
0.151385
0.151008
0.151167
0.156629
0.151928
0.151748
0.151784
0.151130
0.151214
0.151340
0.151594
0.151152
0.151791
0.151129
0.156594
0.152944
0.149756
0.148937
0.150725
0.149565
0.149713
0.149282
0.149613
0.149800
0.149195
0.149086
0.150105
0.150481
0.260478
0.150601
0.150230
0.149376
0.149689
0.151546
0.149946
0.148951
0.149768
0.149410
0.149977
0.149366
0.150149
0.149204
0.150025
0.149206
0.150087
0.149136
0.152487
0.150654
0.149939
0.149360
0.150715
0.153513
0.150221
0.149191
0.150079
0.149371
0.149795
0.148965
0.150333
0.149241
0.149775
0.149357
0.150377
0.150053
0.150177
0.149375
0.149707
0.149334
0.150219
0.148938
0.149585
0.149017
0.149281
0.149061
0.150174
0.150985
0.154852
0.149187
0.152065
0.150368
0.149798
0.149319
0.150663
0.149299
0.150027
0.150272
0.150007
0.150058
0.150207
0.149782
0.150402
0.150077
0.150072
0.150028
0.149852
0.150039
0.150133
0.150231
0.150968
0.151708
0.155130
0.150204
0.150300
0.150035
0.149902
0.150136
0.149801
0.149876
0.149619
0.150751
0.151172
0.150042
0.149549
0.149972
0.150274
0.150177
0.149661
0.149946
0.149761
0.150070
0.149500
0.149955
0.149164
0.149061
0.149158
0.154065
0.148888
0.155423
0.148859
0.149741
0.149242
0.149797
0.149012
0.149565
0.149056
0.149735
0.149333
0.149973
0.150577
0.150005
0.150039
0.150107
0.152153
0.150512
0.150472
0.150054
0.152741
0.149739
0.149940
0.154302
0.150256
0.150149
0.150179
0.149961
0.149692
0.148568
0.149630
0.148489
0.149338
0.148731
0.149341
0.149426
0.149189
0.148973
0.149574
0.149114
0.149701
0.149023
0.151624
0.149574
0.149849
0.149214
0.149769
0.149222
0.152170
0.149451
0.150087
0.150565
0.150011
0.149867
0.149964
0.149685
0.149973
0.150104
0.149892
0.150436
0.149764
0.150139
0.150248
0.150368
0.150388
0.151926
0.149821
0.149996
0.148942
0.149236
0.149073
0.149548
0.155980
0.149723
0.148498
0.149436
0.148901
