501.594997
501.568356
501.145862
502.436657
502.987539
502.480024
501.610084
501.264208
500.638221
503.030215
501.702776
501.389283
500.567295
501.828367
501.298705
501.714862
501.796010
500.542026
500.822151
501.006906
502.533808
501.720633
501.261254
501.077429
500.761723
502.506933
501.579863
502.125869
501.046235
501.192097
502.544024
501.888357
501.812453
500.442038
501.113158
501.844189
502.574020
502.639027
500.997004
500.420383
501.608825
502.050999
502.276567
501.850642
501.341599
501.177179
502.336603
501.871753
502.171881
501.364377
500.769498
502.219354
502.023193
502.209377
501.329422
500.632619
500.917467
502.007489
502.375553
501.582079
500.510214
500.428600
501.827261
501.896116
501.696948
500.527013
501.063987
502.096645
501.628350
502.728203
500.837904
500.397178
501.840902
501.699930
501.874525
500.616865
501.561335
501.465605
501.777156
501.399135
500.959525
500.656907
500.740148
508.553272
501.942168
500.859935
501.114401
500.747867
502.536935
501.548834
501.755897
501.051582
501.292163
502.886249
501.859576
501.424062
500.770842
500.969199
501.845738
501.877209
502.768147
501.059506
501.253220
501.038435
502.137526
501.645550
501.228756
500.848619
501.334771
502.179494
501.800770
501.282413
500.537947
500.631634
503.472098
501.904335
501.614393
500.648392
500.801796
501.690739
501.668486
501.779888
501.174836
501.438506
501.189814
502.569683
502.278651
501.154735
500.598304
501.131360
502.209183
502.647520
502.150976
500.575320
500.598676
502.978239
502.209145
502.410304
501.631016
500.689773
502.117850
502.007362
502.769038
500.454785
502.042973
501.266748
502.159847
502.494007
501.762302
501.252128
501.329841
502.205302
502.338743
501.381787
501.030900
501.611711
502.950067
502.246262
501.869357
500.889021
501.537679
502.949935
502.570126
502.064354
500.583894
500.851683
501.059032
501.479419
501.679305
500.803427
500.487827
500.903333
502.392456
501.368831
502.070474
500.573000
501.069928
502.089957
502.083580
501.121671
500.338053
501.004142
502.345466
502.019406
501.587267
500.664549
501.090955
502.219794
502.127472
502.526336
500.828353
500.863486
501.632038
502.193975
502.316447
502.534089
500.976574
501.558088
502.911123
502.377526
502.127066
500.629810
500.427849
501.727490
501.596579
502.249617
501.091192
500.419016
501.839172
501.816638
502.108789
501.298807
500.813900
500.839876
502.245221
501.793293
500.703309
501.283483
501.180884
502.136083
502.154145
502.309388
500.860006
500.893370
502.904390
502.420024
502.446851
501.219179
501.071242
502.548994
502.625322
501.640879
500.962536
500.581434
501.851062
502.270974
502.133126
500.953193
500.417880
500.950761
501.968898
501.405433
501.516159
501.441485
501.358115
502.668281
502.472824
501.424390
500.549653
501.418350
501.205925
501.982725
501.564349
501.487072
501.138444
501.072315
502.092341
501.839726
501.188905
500.999478
501.437951
502.513578
501.914485
501.467311
501.017124
500.679124
502.788629
501.705060
502.452535
501.119593
500.571212
501.124185
502.481034
501.905835
501.232886
501.220140
501.089678
501.875757
501.911173
500.975129
502.035711
500.882579
502.583002
501.955403
502.526379
500.992547
500.908749
503.008941
502.525112
501.788201
501.112748
501.270370
502.575446
502.402773
502.110422
501.159431
501.607953
501.512731
502.924786
501.236579
501.676914
500.546497
500.664876
501.858902
502.120775
501.598959
500.877883
501.583970
502.134009
501.981016
501.616564
500.757362
500.727827
503.433029
502.052935
501.320250
500.655044
501.144923
501.005923
501.517496
502.011131
500.333262
501.698173
501.718813
502.238056
501.319544
501.441840
500.807536
501.030345
501.963474
502.114037
501.674758
501.168342
500.887187
502.377137
502.451832
502.055695
500.394128
501.855287
500.796225
501.690110
502.092002
500.810465
500.685620
501.216430
502.051062
502.346892
501.662457
501.049215
501.166889
502.423530
501.793744
502.085624
500.960706
501.306364
502.054059
502.134437
501.997332
500.831683
501.018506
501.906466
501.908774
502.037848
500.829597
500.582719
500.610519
501.923801
501.279426
500.831807
500.636370
501.055999
502.763800
502.698497
501.763408
501.740185
501.441158
502.719856
502.327070
501.961413
501.143204
501.201660
502.743831
501.711413
501.751714
501.539445
500.907789
501.720666
502.365799
501.634023
501.691564
501.760984
501.025580
502.998596
502.270868
502.427761
500.702441
500.914969
502.684451
502.447467
501.994446
501.989337
500.949523
502.360247
502.174390
502.382982
500.772381
501.347729
501.191528
502.019648
502.149382
501.325112
501.102875
501.457719
502.302006
502.267104
501.886710
501.707388
500.798488
502.480479
502.404910
502.095539
500.731088
501.690582
502.288801
502.155935
501.333246
501.436782
500.563497
501.036749
501.910680
502.012935
501.219431
501.258067
501.289731
502.969446
502.346538
501.862192
500.656939
501.008639
502.535972
502.074633
501.860145
501.439822
501.061725
502.030649
501.681611
501.717914
500.822599
500.980339
500.504372
502.950768
501.837874
500.660355
501.055664
501.619143
502.436393
501.710711
502.309352
501.181064
500.871789
503.112025
501.806766
501.763075
500.870292
501.296356
502.079721
502.438082
501.989656
500.611097
500.734459
501.729298
502.211311
502.260378
501.863708
501.154587
500.860184
503.226975
501.824759
501.537328
500.708599
501.502710
502.332583
502.494494
501.495669
500.898700
500.716449
501.791161
502.174056
502.023846
500.581178
501.028062
501.718045
502.166293
501.503458
501.860997
500.612734
501.018019
502.144802
501.978200
501.686768
501.053195
500.668087
502.437720
501.724118
502.000871
501.417743
501.024416
502.448629
502.311175
501.862547
501.309519
501.243531
501.294128
501.570329
501.847476
501.315065
501.094294
500.567750
502.048517
501.950855
501.806714
500.836635
501.172468
502.153534
501.909909
501.595556
501.087792
500.663486
502.393755
501.984401
502.156129
500.729857
501.321225
501.845849
501.882453
502.007806
500.715546
500.774628
501.103782
501.721622
501.713968
501.210020
500.654977
501.020807
502.178954
501.770208
501.994124
500.720131
500.918963
502.786379
501.847434
501.672651
501.714512
500.740416
502.612730
501.971117
502.112203
500.355297
501.199001
500.246864
502.235145
501.426306
501.183539
500.520222
501.032564
502.175428
501.713810
501.857173
501.143108
500.462630
503.111696
501.734128
501.494300
500.458327
500.589349
500.943311
502.167070
502.186811
501.091065
501.116081
500.765639
502.173999
502.040620
500.787170
501.445923
500.907927
502.395451
501.987295
501.627240
501.437043
501.163388
502.312026
502.277981
501.420597
501.804410
501.243960
502.879432
501.837105
501.879462
500.979073
501.457541
501.206479
502.153776
501.743916
500.864334
501.350418
501.471451
501.607896
501.739907
501.651992
500.828264
501.134051
503.179110
501.426349
501.484717
500.687557
500.747930
502.407630
502.666991
501.796671
501.325782
500.954266
501.284501
502.300132
501.908384
501.282923
501.156363
500.844637
503.042197
501.637936
501.933349
500.772033
501.665259
502.237981
502.977238
502.226974
501.355192
501.026615
502.676542
501.814533
502.143165
501.396291
501.210470
500.860403
503.097537
502.242401
501.179900
501.837302
502.491533
502.547031
502.140209
501.379910
501.639740
501.133722
502.322954
501.708998
502.060838
501.310977
500.814930
502.173795
502.269607
501.874113
501.233715
500.665692
501.520006
501.762905
502.374080
500.859380
500.872156
501.018480
502.294523
501.684166
502.203163
500.463482
501.822113
501.497226
502.345336
501.732839
500.928774
500.984992
502.794093
501.649195
501.796223
500.461717
500.959022
501.491684
502.020225
502.204309
501.338527
500.898205
501.063303
502.442837
502.417885
501.937593
501.262304
501.554115
502.919857
501.992687
502.898783
500.874111
501.189532
502.736421
502.388956
502.562209
500.974727
501.151764
501.027570
501.899897
502.636993
500.619635
501.285318
501.029328
501.930990
502.435886
500.981734
500.921480
501.252345
503.187763
502.884856
502.309123
501.229942
500.759626
503.181031
502.150866
502.281858
501.646209
500.872052
501.924502
502.205282
501.444351
501.058492
501.292914
500.878616
502.017808
502.229638
501.040516
501.459464
501.904198
501.839299
502.000799
502.307293
500.641663
501.088889
502.243650
501.805394
501.658489
500.897131
500.655049
501.488940
501.681224
501.405334
500.637737
501.273687
500.985968
501.950704
502.084338
500.687295
500.834035
500.769735
502.220506
502.262246
501.422026
501.096031
501.598406
503.129067
501.927398
501.523885
501.422737
501.551915
502.041781
501.869018
501.403995
500.923015
500.481622
500.630642
502.360563
502.299823
500.533785
500.922046
500.401417
502.133548
501.972827
501.926268
500.370252
500.944553
502.382388
501.660921
501.300028
500.909818
500.292197
502.918794
501.900507
502.017335
501.021969
500.808427
500.338868
502.478194
502.352809
501.256445
500.811314
501.400555
502.141725
501.737193
501.711242
500.747517
500.612888
502.419914
501.661346
501.708426
501.205836
500.871358
502.721200
502.015523
501.610837
501.720637
501.033885
501.317750
501.800994
502.005185
500.243712
501.635007
501.901019
502.007149
502.271725
501.508984
501.290369
501.392236
502.652779
502.362143
502.012260
500.901499
501.810155
502.495830
501.918606
502.005827
501.366675
501.450568
501.389443
502.228346
502.197944
500.908859
500.316989
500.906922
502.169076
502.066927
501.910708
500.647643
500.632489
502.300396
501.514250
501.762080
500.031426
500.702902
502.009811
501.915697
501.916103
500.804433
501.278294
501.190392
501.383633
501.930522
500.803507
500.615001
500.433940
501.963234
501.605283
501.036935
502.349695
500.907106
502.301790
502.240990
501.728910
501.014853
501.490262
502.474302
501.766542
502.280827
500.745910
500.707108
501.196609
501.644289
501.837315
501.082380
500.642502
500.778426
502.058211
501.834892
500.943670
501.088655
501.256136
502.715764
502.211562
501.781342
501.268487
500.917951
502.585988
501.443372
500.937588
500.626044
500.670057
502.288300
501.924341
502.524871
500.470395
501.521585
501.245384
502.026851
501.621135
501.253214
500.584564
500.868859
501.849014
501.854945
501.413815
500.686609
500.794519
502.483344
501.827086
501.649424
500.495075
501.409279
502.697588
502.126685
501.773895
501.047347
500.676831
501.761884
502.118881
502.142402
500.659680
500.699296
500.667005
502.009197
502.390079
502.287983
500.619477
500.855576
501.840652
501.715612
501.921530
500.987608
500.454626
502.482937
501.929109
501.966994
501.034119
501.141657
501.218302
502.133373
501.719548
501.264825
500.429436
500.722387
501.630135
501.697764
501.427562
501.521565
500.753878
502.225424
501.501380
502.053177
502.010396
500.947470
502.151128
501.924802
501.963883
501.839521
501.486570
501.584868
502.011784
502.081344
501.199773
501.538588
501.600730
502.330058
502.343780
501.342405
500.983579
501.898907
502.569732
502.049589
502.033747
501.185173
500.676240
502.765149
502.150067
501.597007
500.753533
500.917321
502.415815
502.300375
501.990356
500.941201
500.667202
500.839913
502.302414
502.566164
500.974285
501.598655
501.035984
