122.085157
138.272909
137.826731
137.786543
137.880088
138.124915
138.248745
137.866113
137.884724
137.960861
138.371656
138.166317
138.653207
137.988078
137.937469
138.191440
138.005134
138.435775
152.036542
138.239076
138.265408
138.176125
137.942867
138.094361
138.000013
138.220581
138.538226
138.460710
138.108902
156.913945
138.197696
138.168638
137.994634
138.267976
137.992959
138.015861
138.276880
137.953364
137.716219
137.999845
138.355164
138.422400
137.890677
138.006080
137.752566
138.196754
138.169945
137.851667
138.165142
137.938114
138.290202
137.891933
137.884526
138.110454
137.966928
138.568682
138.006584
138.178035
138.413992
137.908487
138.149530
138.204564
138.097615
137.848565
138.285192
140.401074
1018.337227
138.108155
138.214432
138.072856
138.633394
138.508547
138.173401
138.088441
137.977711
138.318367
137.945364
137.931154
138.105985
137.892722
138.109927
137.906027
137.954516
137.842361
137.940728
137.988224
137.994744
137.609535
137.831516
138.138758
138.255361
137.984946
138.315897
137.684978
138.077849
138.714921
138.423919
138.175278
137.894077
137.976302
138.107871
137.735428
138.028749
137.860868
138.057977
138.380979
137.938460
138.423817
138.264052
138.407010
138.151710
138.272775
138.234246
138.086911
138.228637
138.071247
137.767315
138.217659
138.700080
138.137747
138.186053
138.024147
138.010489
137.787871
138.238010
138.059754
138.089037
138.262809
138.266602
138.418878
138.212533
139.922920
2112.419597
137.972947
138.057292
138.020762
138.486652
138.422654
137.953878
138.125198
138.263120
137.848195
138.093464
138.319029
138.298204
138.022768
137.969418
138.007296
137.922604
138.113529
138.279460
137.731538
137.691571
139.819485
993.693625
137.925778
137.974892
138.358514
138.364699
138.288925
137.897210
138.268919
137.905528
138.085926
137.982921
138.139620
138.064208
138.165346
138.407803
137.920495
137.966920
137.932701
138.280012
138.472586
137.852349
138.011372
138.087424
138.222330
138.108525
138.422360
137.814330
137.907329
138.115675
207.663419
138.085331
138.082112
138.091862
138.323041
137.721540
138.330040
138.107327
138.018325
138.187300
138.140349
138.610328
138.205596
138.107728
138.389669
138.171726
138.501583
138.421480
138.245255
138.035243
138.140562
138.319274
138.326520
138.048249
137.957209
138.237686
138.619468
138.472208
137.836452
138.864686
181.512873
138.600113
138.421858
138.692736
138.263900
140.764896
1840.396387
138.973650
138.755519
138.360678
138.307793
138.274422
138.281615
137.671240
138.680917
137.789326
137.967125
138.349214
138.241595
138.442355
138.019409
137.950993
138.522466
138.045593
138.286559
138.012975
138.139299
138.196551
138.184526
140.436224
1678.221597
540.288590
138.151171
138.267431
138.470179
137.997338
138.336674
138.340176
138.199814
138.096872
138.086171
138.396282
138.074006
138.263976
138.425986
138.250620
138.414157
138.328479
138.351518
138.180131
138.221406
139.736803
1768.660536
138.243820
138.145950
138.062146
138.436814
137.921026
138.184587
138.054549
138.075942
138.294644
138.149078
138.085128
138.385608
137.814710
138.552496
138.094498
138.166639
138.324535
138.308808
138.611562
138.401057
138.463849
138.097828
139.701039
1877.082108
138.261265
138.461282
138.151475
138.048557
138.186000
138.499313
138.424073
138.605230
138.026267
138.321712
138.203618
138.498719
138.077249
138.296410
138.187699
138.464227
138.161630
138.374131
138.265367
138.138434
138.382681
138.345067
139.957631
2064.152775
138.430698
138.290270
137.995761
138.197534
138.147846
138.120001
138.259559
138.307843
138.191421
137.929989
138.517504
138.520296
138.507251
138.206095
138.024919
138.003734
138.132420
138.154915
138.266018
138.113364
139.493779
1848.529660
138.195298
138.403987
138.398481
138.243529
138.148093
138.708467
138.155441
138.212959
138.153000
138.215444
138.150671
138.217366
138.376974
138.280881
138.119971
138.404377
138.303102
138.352471
138.376717
138.962399
138.499558
138.401204
139.674122
2164.338697
138.283488
138.270106
138.300730
138.414564
138.370408
138.690723
138.214576
138.071158
138.210141
138.513029
138.551683
138.274593
138.279998
138.052179
138.202464
138.004177
138.221182
138.322700
138.459469
140.035981
1822.122343
138.256789
138.110626
137.883339
138.158619
138.368090
138.464969
138.678541
138.399245
138.268454
137.738345
138.296503
137.864763
138.165797
138.323099
138.112791
138.067394
137.882798
138.021797
138.402970
138.241581
138.420629
138.121293
140.021222
1884.148819
138.064871
138.193768
138.017768
138.171236
138.354028
138.210711
138.501510
138.171695
138.341541
138.048035
138.310600
138.254383
138.470917
138.659257
138.411527
138.190424
138.311247
138.286825
138.307540
138.280768
138.125483
138.170182
140.121806
1876.786727
138.233967
138.040981
138.104170
137.893497
138.350513
138.667986
138.298663
137.919883
138.093429
138.234506
138.324938
138.578799
138.279379
138.487784
137.924783
138.573925
138.325035
138.244104
138.343017
138.379169
138.141458
140.471492
2036.813762
138.305859
138.110858
138.336412
138.133502
138.565650
138.218131
138.047965
138.501507
138.492708
138.099920
138.126315
138.456049
138.687210
138.492743
138.310634
137.935104
138.048589
138.568301
138.300860
138.305902
138.216348
139.684370
1944.485717
138.449591
138.045553
137.866449
138.376295
138.501853
138.349990
138.261930
138.148115
138.156076
138.677038
138.281958
138.560947
138.415761
138.313986
138.489707
138.358818
138.039114
138.340321
138.206930
138.670117
138.168190
140.334176
1786.266583
138.360427
138.583793
137.800211
138.533225
138.181863
138.413702
138.471295
257.051630
138.595758
138.437747
138.307427
138.553329
138.368553
138.418960
138.660743
138.801988
138.522894
138.640260
138.489045
138.109500
138.607866
139.975065
1754.364513
138.139936
138.199714
138.796043
138.105264
138.296050
138.440290
138.259844
138.545067
138.150367
138.227010
138.462510
138.327051
137.958213
138.282925
138.174832
138.028875
138.197174
138.284314
137.963301
138.200799
138.506841
138.548378
138.473113
139.380620
138.184408
138.176065
138.214256
138.327761
138.475737
138.365112
138.474521
138.445045
138.282416
138.317508
138.313635
138.369165
138.298591
138.264002
138.014959
138.304690
138.164003
137.891747
138.209378
138.135787
138.628622
138.523088
138.090870
138.349711
138.234896
138.870468
138.638509
138.271366
138.294600
138.319832
138.758606
138.418965
138.040635
138.437469
138.287284
140.917437
1779.679179
138.430815
138.046331
138.129729
138.896949
138.367485
138.612239
138.272746
138.006487
138.466592
138.343324
138.502869
138.169423
138.289443
138.734293
138.128195
138.268365
138.059699
137.998093
138.231939
138.382438
138.496145
138.475239
140.153874
1728.470504
138.393691
138.312069
138.117863
138.249181
138.405081
138.353211
138.489854
138.425583
138.120468
138.409209
138.390643
138.287063
138.125241
138.494728
138.607012
138.336515
138.469294
138.396356
137.817359
138.954382
138.272039
138.426327
138.104446
139.248588
1191.380616
138.166745
138.270341
138.323891
138.418255
138.242518
138.317800
138.304881
138.467434
138.091058
138.687191
138.343608
138.752058
138.285194
138.102605
138.211631
138.309246
138.599279
138.374363
138.216029
138.422903
138.336678
138.520163
138.238926
138.666011
138.458716
138.375005
139.915690
1939.607259
137.975347
138.098139
138.096528
137.971648
138.107223
138.147866
138.215181
138.509621
138.044428
138.346234
137.994013
138.906009
174.360785
138.012076
138.491603
138.222642
138.225026
138.367597
138.329906
138.504636
138.669125
139.773998
1755.103766
138.677373
138.493443
138.213533
138.129494
138.292781
138.402601
138.915970
138.408019
138.287125
138.171565
138.483842
138.150507
138.119699
137.989647
138.198819
138.225922
138.433482
138.057823
138.258807
138.168016
138.877183
138.405840
140.162917
1805.040127
138.147202
138.445900
138.257622
138.382212
138.186852
138.090978
138.340078
138.452525
138.363120
138.516441
138.113285
138.529002
138.569645
138.424047
138.336156
137.985844
138.357102
138.399248
138.372751
138.386601
138.136014
137.954104
138.367467
139.298912
138.512846
138.590067
138.306901
138.550026
138.444734
138.537909
138.329868
138.422056
138.427048
138.319920
138.859863
138.687336
138.306630
138.337607
138.366712
138.339558
138.491086
138.328293
138.731390
138.200281
138.235234
138.407211
138.263448
138.195741
137.999134
138.522510
138.352025
138.415904
138.322212
138.440672
138.499731
138.641243
138.914402
138.237824
138.375924
140.798425
1333.327592
138.137626
138.443016
138.145218
138.130953
138.364168
138.280933
138.319241
138.052870
138.780001
138.830614
138.658034
138.455083
138.938292
138.476234
138.479301
138.576311
138.822390
138.532973
138.578145
138.577173
138.577558
138.450827
138.397807
138.649363
138.544082
140.318118
1774.879900
139.213622
138.798004
138.616230
138.444825
138.502636
138.650669
138.475780
138.502015
138.419002
138.268896
138.600514
138.497540
138.393130
138.339018
138.343033
138.359771
138.177015
138.021178
138.190717
138.485799
138.655809
138.287873
140.455362
1799.270145
138.580324
138.070265
137.958252
138.362783
138.243761
138.211676
138.271845
138.117765
138.308165
137.867282
138.893015
138.348970
138.205030
138.473282
138.306252
138.327875
138.231530
138.174310
137.925956
138.278508
206.223442
138.065701
140.353290
1805.965357
138.340986
138.459817
138.022515
137.932463
138.219655
138.253379
138.229737
138.225622
138.024774
138.211587
138.444908
138.592387
138.278117
138.369336
137.925889
138.561911
138.549530
138.513214
138.614509
138.268269
138.730277
138.478718
140.147967
1847.339934
138.285587
138.465077
138.504502
138.498583
138.384936
138.230575
138.307776
138.410841
138.482246
138.528047
138.152022
138.170581
138.530376
138.430950
138.362975
138.153788
138.196391
138.360178
138.278255
138.387244
138.159871
138.361936
140.267618
1715.697123
138.535486
138.345698
138.417905
138.494830
138.036403
138.617910
138.429636
138.058445
138.445481
138.429715
138.126399
138.400428
138.494466
138.648503
138.384862
138.346810
138.275377
138.334519
138.450240
138.441071
138.353079
138.380904
138.660007
160.866555
138.265759
138.555846
138.299259
138.421706
138.989906
138.591762
138.348283
138.183257
138.752479
138.564935
138.714926
138.109162
138.368007
138.228041
138.375310
138.271150
138.540034
138.614485
138.558868
138.832826
138.582355
138.477904
138.518001
138.438813
138.733613
138.744468
138.687072
138.337213
138.300539
139.144436
138.371228
138.445983
138.578077
138.699454
138.410463
139.315036
138.751750
138.521401
138.272735
138.086745
138.297052
138.658687
138.185633
138.148972
138.459842
138.034234
138.648521
138.291184
137.898754
138.431148
138.613152
138.241201
295.872085
138.467924
138.139081
138.519765
138.304945
138.393316
138.082349
138.116040
138.476752
138.414964
138.437150
137.823035
138.215277
138.298052
138.070295
138.577904
138.394112
138.243476
139.084947
138.629922
138.188229
138.277349
138.036464
138.364512
138.341813
138.334721
138.435837
138.170525
138.047763
138.289351
138.293106
138.304170
138.267984
138.279680
