0.101037
0.081081
0.081235
0.081559
0.121580
0.080650
0.080611
0.080163
0.120947
0.085296
0.078510
0.079801
0.128575
0.081099
0.079718
0.081212
0.081071
0.081943
0.080903
0.083034
0.116366
0.082963
0.081559
0.079453
0.121122
0.080992
0.079723
0.082483
0.103781
0.080655
0.082701
0.081595
0.081261
0.081429
0.082268
0.081694
0.118114
0.081538
0.080235
0.081435
0.120744
0.079689
0.079788
0.081288
0.119311
0.080816
0.081025
0.083705
0.117731
0.081672
0.081186
0.083426
0.120006
0.082977
0.081056
0.081677
0.080158
0.079541
0.081315
0.081168
0.120403
0.079913
0.080619
0.082382
0.118292
0.082700
0.079202
0.081270
0.119167
0.082419
0.081111
0.080887
0.123473
0.083073
0.080501
0.082952
0.121429
0.081359
0.082736
0.080494
0.107238
0.080186
0.082558
0.079584
0.122047
0.085579
0.079759
0.083255
0.121870
0.081495
0.077511
0.081549
0.118398
0.079248
0.081847
0.079213
0.116480
0.081879
0.080950
0.083433
0.127417
0.080033
0.079443
0.080107
0.120749
0.083957
0.082406
0.080752
0.121519
0.082756
0.080263
0.079722
0.118563
0.081646
0.078562
0.080817
0.119931
0.080142
0.081100
0.081515
0.119027
0.082264
0.080540
0.081432
0.079934
0.080706
0.080674
0.080808
0.081937
0.083878
0.078059
0.080001
0.079328
0.080067
0.079862
0.080483
0.081125
0.082148
0.083207
0.081258
0.111252
0.082884
0.081135
0.080347
0.119594
0.081094
0.080903
0.081568
0.082673
0.082736
0.081859
0.082854
0.124808
0.081446
0.083516
0.081075
0.123083
0.081497
0.084217
0.082333
0.120767
0.080795
0.079686
0.081459
0.118965
0.081799
0.077539
0.081296
0.119443
0.082583
0.078444
0.080103
0.119554
0.082792
0.082599
0.080962
0.083061
0.080577
0.081128
0.080322
0.119369
0.078786
0.081818
0.079822
0.121135
0.082531
0.083719
0.080160
0.080098
0.080998
0.079501
0.081174
0.083683
0.080843
0.082341
0.081120
0.117851
0.079410
0.080800
0.080699
0.121874
0.081381
0.079829
0.083095
0.119343
0.084052
0.079538
0.080913
0.122735
0.081039
0.082622
0.080663
0.121151
0.081801
0.083151
0.079978
0.100351
0.082369
0.083004
0.081637
0.121299
0.082668
0.081504
0.082088
0.081341
0.083154
0.081332
0.083176
0.121703
0.080962
0.081697
0.082043
0.111115
0.081298
0.084156
0.079719
0.118647
0.081803
0.081828
0.082536
0.101060
0.080539
0.083210
0.080792
0.121718
0.081415
0.079152
0.081823
0.114596
0.082836
0.079778
0.080107
0.128117
0.080080
0.080793
0.082032
0.119494
0.081385
0.081227
0.083037
0.121139
0.083460
0.080065
0.081043
0.122199
0.080660
0.079047
0.078711
0.120182
0.080230
0.080610
0.083363
0.120216
0.082844
0.084069
0.082358
0.081302
0.081465
0.080152
0.081104
0.120036
0.080400
0.080747
0.083934
0.120146
0.081248
0.082001
0.082073
0.082330
0.083029
0.083335
0.083764
0.119573
0.083062
0.078635
0.080871
0.120780
0.081234
0.085961
0.083587
0.118898
0.081750
0.082122
0.080949
0.113561
0.082012
0.083625
0.079802
0.119405
0.082009
0.081383
0.079371
0.122312
0.081367
0.079851
0.083281
0.123274
0.079928
0.082184
0.081452
0.117108
0.082746
0.085960
0.081325
0.081207
0.081304
0.079103
0.081669
0.096285
0.081563
0.080585
0.080838
0.121483
0.079352
0.082942
0.082073
0.081472
0.084680
0.080877
0.082431
0.120152
0.083849
0.084212
0.084990
0.081493
0.080479
0.079883
0.080901
0.120690
0.081878
0.082088
0.079852
0.119336
0.080771
0.080803
0.078988
0.118629
0.079715
0.081663
0.081709
0.118863
0.083771
0.084097
0.081838
0.108188
0.082503
0.079545
0.082288
0.120920
0.084116
0.081105
0.081694
0.120596
0.083022
0.085587
0.081799
0.120944
0.082836
0.084254
0.081554
0.120500
0.082567
0.080900
0.081971
0.124097
0.082215
0.079914
0.082630
0.104006
0.082322
0.081840
0.079902
0.083085
0.084049
0.079722
0.082859
0.098987
0.082290
0.080127
0.083555
0.083099
0.079542
0.083889
0.081931
0.122491
0.081121
0.082111
0.079415
0.081248
0.081179
0.080067
0.081401
0.121307
0.082037
0.079112
0.082480
0.120898
0.082883
0.081021
0.082564
0.121899
0.079498
0.082261
0.079118
0.121525
0.084458
0.081326
0.081285
0.130302
0.080899
0.078422
0.081677
0.080049
0.080167
0.085116
0.078279
0.119058
0.081229
0.081694
0.079049
0.121196
0.083031
0.079324
0.081487
0.119460
0.081132
0.084060
0.080504
0.107577
0.081355
0.081787
0.079883
0.119678
0.082279
0.080322
0.080791
0.122628
0.081612
0.084760
0.080158
0.119736
0.080627
0.087143
0.082254
0.106961
0.081460
0.084350
0.081903
0.081612
0.081822
0.082403
0.080647
0.120841
0.082324
0.081125
0.082768
0.111129
0.079864
0.082728
0.082062
0.121188
0.082409
0.081757
0.082730
0.105214
0.081221
0.080751
0.083272
0.083906
0.082328
0.082446
0.079991
0.081821
0.081394
0.088735
0.080442
0.125130
0.079849
0.082912
0.082167
0.082223
0.081231
0.081086
0.083111
0.118278
0.083106
0.081186
0.081936
0.112137
0.079355
0.086404
0.080290
0.120423
0.080669
0.081159
0.083317
0.120794
0.082574
0.081721
0.080946
0.118813
0.081203
0.080540
0.081766
0.120429
0.081141
0.084748
0.082428
0.119616
0.081282
0.079630
0.079875
0.120931
0.081088
0.081684
0.081206
0.118488
0.079646
0.083710
0.082193
0.120423
0.082945
0.081248
0.081548
0.120132
0.079461
0.080277
0.081584
0.120947
0.080287
0.083934
0.086101
0.121120
0.082936
0.080863
0.080782
0.109516
0.081789
0.079339
0.080577
0.120135
0.082102
0.081612
0.081222
0.097087
0.080357
0.081511
0.083058
0.121482
0.078068
0.082248
0.081509
0.111513
0.081055
0.086305
0.081239
0.126962
0.081849
0.081841
0.081781
0.108370
0.080143
0.081052
0.081878
0.119490
0.080182
0.080506
0.081813
0.080519
0.082245
0.084758
0.079686
0.120462
0.080469
0.082531
0.083651
0.122310
0.078517
0.082199
0.080798
0.081979
0.082449
0.084191
0.080918
0.080898
0.083918
0.081212
0.082937
0.119220
0.081334
0.083892
0.081914
0.093459
0.083475
0.080949
0.077622
0.081818
0.080923
0.085047
0.081119
0.118420
0.080948
0.080534
0.080317
0.121003
0.081175
0.080765
0.079868
0.111048
0.081666
0.079358
0.081440
0.083301
0.081940
0.084090
0.080409
0.121366
0.081405
0.081393
0.082148
0.118092
0.079495
0.085179
0.079409
0.118798
0.081023
0.080272
0.080128
0.121572
0.081207
0.080046
0.080594
0.122476
0.080356
0.076293
0.082572
0.119400
0.080485
0.081999
0.079725
0.082650
0.080866
0.082229
0.079584
0.121047
0.082204
0.081449
0.080709
0.122221
0.080599
0.081596
0.079317
0.120563
0.081202
0.083219
0.080319
0.110277
0.082977
0.080651
0.081606
0.121402
0.081169
0.084385
0.082224
0.082539
0.080276
0.081593
0.079753
0.081928
0.081871
0.080111
0.082806
0.121351
0.082248
0.077495
0.081600
0.119411
0.080782
0.080610
0.081458
0.120196
0.081513
0.083316
0.077461
0.120188
0.080234
0.082054
0.081614
0.080740
0.080778
0.079738
0.080941
0.081819
0.079932
0.082477
0.078526
0.118221
0.081529
0.080695
0.081046
0.121272
0.082596
0.079317
0.082880
0.121502
0.081102
0.078193
0.083799
0.082254
0.079969
0.082042
0.082368
0.118996
0.082013
0.081654
0.082955
0.081546
0.080303
0.082641
0.081185
0.115268
0.080678
0.079939
0.083289
0.118587
0.080859
0.082222
0.081472
0.120032
0.083021
0.082203
0.081772
0.120612
0.082021
0.081668
0.080339
0.119982
0.082094
0.079987
0.082390
0.121745
0.081818
0.080317
0.082901
0.080905
0.082042
0.081260
0.079638
0.081242
0.080811
0.080033
0.080665
0.080002
0.079861
0.084236
0.080203
0.119718
0.082878
0.080115
0.080737
0.123403
0.083642
0.079778
0.080686
0.119610
0.082136
0.079180
0.083573
0.121344
0.079808
0.081976
0.081071
0.125063
0.081720
0.081103
0.080344
0.119764
0.078925
0.081360
0.081435
0.119245
0.084604
0.080610
0.082499
0.121787
0.083466
0.082572
0.080238
0.121534
0.082581
0.081046
0.081137
0.083574
0.080789
0.080823
0.082096
0.115409
0.079847
0.081266
0.080475
0.082583
0.081560
0.080079
0.081718
0.120057
0.080173
0.080556
0.081223
0.082446
0.079883
0.082456
0.082282
0.124743
0.080625
0.078642
0.081307
0.117546
0.081383
0.081093
0.081748
0.121866
0.077640
0.081587
0.080170
0.123105
0.082411
0.081008
0.080535
0.118971
0.080986
0.081123
0.081968
0.117897
0.082112
0.083574
0.080688
0.116391
0.079927
0.081326
0.081073
0.120649
0.081915
0.081714
0.082177
0.120132
0.082520
0.081109
0.082324
0.118802
0.084996
0.080179
0.080564
0.107011
0.080861
0.078188
0.081259
0.119827
0.079779
0.081771
0.081283
0.122774
0.081679
0.081667
0.079011
0.080170
0.081978
0.079912
0.080399
0.122063
0.082462
0.081125
0.081699
0.120759
0.080095
0.080489
0.079809
0.081587
0.082662
0.079843
0.082213
0.121584
0.081322
0.081769
0.082785
0.122147
0.082658
0.082334
0.081759
0.111367
0.079040
0.082685
0.081399
0.118538
0.080968
0.081788
0.083788
0.119307
0.081900
0.085668
0.083037
0.100077
0.082929
0.083976
0.080292
0.112815
0.082433
0.081722
0.080805
0.120206
0.079450
0.085345
0.081972
0.128672
0.081626
0.081501
0.082875
0.118889
0.083624
0.081285
0.081652
0.119257
0.083325
0.081885
0.083085
0.082707
0.079991
0.080416
0.081782
0.091535
0.081718
0.082302
0.083665
0.120178
0.083594
0.079430
0.081606
0.118260
0.082956
0.079155
0.081506
0.120316
0.083969
0.080286
0.080019
0.122827
0.078395
0.081284
0.081665
0.121000
0.082712
0.082940
0.082829
0.118779
0.081337
0.078973
0.081297
0.119833
0.082135
0.082379
0.082394
0.120195
0.082578
0.081678
0.082923
0.104100
0.081850
0.079713
0.082232
0.104972
0.080345
0.082163
0.081427
0.119430
0.079622
0.081429
0.079715
0.120868
0.076821
0.082445
0.079492
