6.988016
6.991993
6.995767
6.988082
6.993827
6.982577
6.993651
6.984428
6.992578
6.997195
6.990215
6.991005
6.995504
6.982135
6.977718
6.983373
6.995682
7.000863
6.992756
6.991744
6.995935
7.032769
6.990170
6.976290
6.987171
6.994661
6.981663
6.987125
6.997434
6.991308
6.993355
6.988186
6.995583
6.984142
6.994919
6.989353
6.997418
6.987764
6.993940
6.993293
6.984240
6.993172
6.976079
6.974092
6.985903
6.995818
6.995065
6.988089
6.981873
7.009808
6.995749
6.987946
6.987087
6.986761
6.995361
6.981770
6.985953
6.993503
6.997081
6.988285
6.990477
6.990901
6.993185
6.994315
6.984346
6.993888
6.987887
6.994083
6.976068
6.999684
6.996854
6.996184
6.991018
7.004104
6.974206
6.995707
6.988101
6.996355
6.987415
6.978607
6.986937
7.020446
6.995842
6.991679
6.977735
7.000169
6.972020
6.988070
6.986086
6.984521
6.986200
6.984121
6.984977
6.962354
6.988183
6.976009
6.976428
6.971018
6.989637
6.988179
6.975731
6.987019
6.986758
6.976598
6.977507
6.976294
6.988481
6.988652
6.984183
6.978163
6.982173
6.985350
6.977965
6.969490
6.987306
6.976442
6.987736
6.991148
6.970404
6.985942
6.987415
6.984215
6.986369
6.985882
6.991043
6.983904
6.984583
6.986274
6.988395
6.985938
6.987755
6.984528
6.989182
6.985115
6.984770
6.985013
6.988210
6.975844
6.986169
6.967614
6.986068
6.988682
6.971788
6.977758
6.985265
6.981746
6.987712
6.984868
6.985091
6.981353
6.985828
6.985432
6.987966
6.982393
6.985116
6.975944
6.979219
6.984133
6.968046
6.986306
6.977603
6.984255
6.982023
6.986855
6.985657
6.982663
6.976157
6.985176
6.987841
6.979252
6.980178
6.984594
6.974225
6.988117
6.991282
6.990171
6.982859
6.983192
6.994650
6.979575
6.965047
6.986159
6.976973
6.993081
6.976457
6.987992
6.995605
6.989007
6.990184
6.993798
6.994869
6.993793
6.990681
6.974941
6.993811
6.984706
6.989423
6.995149
6.995102
6.985973
6.991998
6.981208
6.994811
6.984516
6.976894
6.996215
6.975848
6.978006
6.993609
6.986375
6.986840
6.991426
6.988259
6.991299
6.987765
6.991440
6.995913
6.993948
6.993475
6.992833
6.994732
7.002066
7.116231
6.985633
6.997936
6.986036
6.991332
6.989153
6.991446
6.992314
6.983257
6.989500
6.991546
6.987694
6.970340
6.975385
6.986757
6.980425
6.979245
6.975664
6.987226
6.981708
6.987566
6.983584
6.974501
6.967466
6.977006
6.984149
6.987440
6.977274
6.982057
6.982723
6.970473
6.983308
6.986519
6.975908
6.974730
6.969389
6.987233
6.986660
6.979501
6.973328
6.980983
6.976721
6.967069
6.986774
6.968915
6.969270
6.969007
6.963006
6.985689
6.983034
6.986972
6.978939
6.982378
6.974654
6.982420
6.970795
6.979791
6.977705
7.005584
6.986889
6.986657
6.983000
6.983545
6.986047
6.983473
6.984132
6.979987
6.988401
6.987766
6.983088
6.984586
6.982860
6.981203
6.984516
6.984625
6.986378
6.988023
6.974764
6.986283
6.986231
6.986322
6.981021
6.974724
6.989164
6.987462
6.976812
6.986721
6.999641
6.987050
6.966247
6.980070
6.976912
6.984382
6.974094
6.986995
6.985948
6.987197
6.983778
6.985326
6.978407
6.985046
6.972601
6.962867
6.986560
6.981502
6.976095
6.978836
6.988599
6.986842
6.982609
6.963132
6.978132
6.978685
6.983001
6.976934
6.991836
6.978205
6.982658
6.985495
6.973218
6.984992
6.974444
6.981328
6.984935
6.977476
6.974532
6.982890
6.978728
6.976085
6.983768
6.987244
6.977057
6.987519
6.983870
6.983086
6.981856
6.987812
6.976526
6.983330
6.987240
6.987983
6.983822
7.002853
6.987201
6.986163
6.975596
6.977845
6.987639
6.977022
6.982086
6.979160
6.987156
6.986711
6.983929
6.979029
6.968883
6.983945
6.973572
6.981794
6.973598
6.983780
6.985919
6.986785
6.987707
6.983282
6.980999
6.974649
6.985241
6.972542
6.975093
6.987558
6.987485
6.975522
6.963338
6.982541
6.979780
6.982940
6.971761
6.975386
6.982013
6.977682
6.987208
6.966296
6.988517
6.979181
6.987125
6.986271
6.986342
6.983718
6.979103
6.985878
6.984067
6.983878
6.987068
6.987908
6.987272
6.974995
6.985422
6.982894
6.975510
6.984504
6.984290
6.981112
6.981313
6.970660
6.983034
6.986855
6.970902
6.984034
6.984782
6.983770
6.981596
6.982941
6.977317
6.980533
6.986082
6.980745
6.979804
6.985821
6.986239
6.982445
6.985553
6.986710
6.982110
6.984744
6.984533
6.979242
6.984776
6.981092
6.977768
6.985425
6.980968
6.983863
6.982958
6.988640
6.987919
6.978488
6.983760
6.967630
6.985787
6.983430
6.985011
6.974642
6.985826
6.976976
6.980385
6.985551
6.980570
6.973143
6.980583
6.986568
6.986420
6.983732
6.985205
6.980871
6.961645
6.968293
6.984990
6.989554
6.980235
6.983229
6.979096
6.982322
6.983684
6.983558
6.978647
6.972228
6.980807
6.978100
6.984419
6.975746
6.980607
6.982403
6.985735
6.988358
6.970988
6.974991
6.980575
6.977962
6.985695
6.979359
6.980563
6.980190
6.986022
6.975631
6.965771
6.982605
6.979094
6.976044
7.102934
6.982047
6.976082
6.982085
6.962178
6.965026
6.974971
6.982998
6.982997
6.986724
6.987751
6.976732
6.970337
6.984653
6.976317
6.980515
6.973992
6.988441
6.977369
6.968599
6.975414
6.983972
6.978007
6.980114
6.983457
6.988000
6.987269
6.983336
6.986143
6.976552
6.980964
6.995547
6.985019
6.976144
6.987522
6.982473
6.966673
6.984487
6.980909
6.985036
6.976184
6.988151
6.971791
6.987257
6.986829
6.973583
6.974778
6.985610
6.976429
6.986814
6.982282
6.976575
6.986081
6.978246
6.975847
6.978762
6.987745
6.986494
6.975721
6.979136
6.983784
6.977785
6.983362
6.977430
6.984059
6.987001
6.983266
6.986007
6.978819
6.981869
6.983995
6.986483
6.986408
6.985451
6.983050
6.969405
6.968354
6.979317
6.983749
6.979622
6.984817
6.978016
6.985490
6.987587
6.985261
6.976274
6.962066
6.991001
6.982420
6.979639
6.982626
6.975983
6.977947
6.981620
6.972287
6.978051
6.984758
6.970795
6.982581
6.985593
6.983110
6.981387
6.981674
6.985744
6.987191
6.984176
6.981951
6.976414
6.979192
6.996935
6.984526
6.970816
6.986025
6.982543
6.982885
6.986894
6.985522
6.985760
6.970889
6.981493
6.987489
6.971750
6.980181
6.986078
6.978489
6.984901
6.980259
6.981074
6.986840
6.987283
6.976611
6.964256
6.985451
6.980770
6.983794
6.985957
6.991077
6.981967
6.973300
6.982747
6.980169
7.009007
6.977199
6.982902
6.988150
6.983123
6.974038
6.986871
6.981295
6.985164
6.976673
6.979975
6.986759
6.980100
6.982820
6.970055
6.985858
6.978264
6.975543
6.985487
6.991641
6.988131
6.981925
6.986598
6.981354
6.982840
6.976256
6.986905
6.987734
6.987288
6.972800
6.987313
6.976818
6.987001
6.983177
6.979413
6.984309
6.991436
6.980085
6.972877
6.978452
6.984111
6.982344
6.972874
6.987196
6.987828
6.983626
6.991373
6.978566
6.986458
6.984578
6.987321
6.987710
6.974905
6.982927
6.969620
6.986406
6.986169
6.981356
6.983070
6.977952
6.986290
6.975832
6.970561
6.982770
6.986910
6.985113
6.985247
6.979062
6.986409
6.982452
6.980419
6.979581
6.981655
6.975288
6.986256
6.980449
6.985975
6.983148
6.985480
6.981289
6.979401
6.969887
6.985979
6.972379
6.983764
6.972145
6.979319
6.982430
6.978005
6.986649
6.972913
6.986927
6.983350
6.983729
6.987583
6.984358
6.968793
6.979180
6.980591
6.986686
6.983369
6.985049
6.977004
6.981830
6.971762
6.987050
6.982641
6.975220
6.982635
6.983942
6.960461
6.974744
6.979073
6.986997
6.982114
6.988071
6.978390
6.971616
6.979133
6.977968
6.983630
6.977728
6.979110
6.986600
6.983345
6.978981
6.984982
6.981962
6.984048
6.982316
6.980376
6.961814
6.972527
6.974873
6.984804
6.977022
6.979411
6.984113
6.987215
6.983126
6.973153
6.980911
7.089331
6.971026
6.979293
6.979459
6.982829
6.976171
6.970656
6.983451
6.979322
6.986531
6.978897
6.983849
6.986284
6.987356
6.983272
6.984537
6.985080
6.980395
6.980674
6.967706
6.971510
6.978238
6.974191
6.985824
6.980967
6.985727
6.974849
6.979524
7.001213
6.982969
6.982988
6.986393
6.987207
6.985139
6.984486
6.986975
6.988057
6.975774
6.983431
6.977168
6.989180
6.982141
6.983462
6.983770
6.985104
6.986911
6.975836
6.976251
6.983844
6.986466
6.974793
6.979831
6.986956
6.985609
6.979567
6.976197
6.979529
6.981063
6.980513
6.977077
6.985333
6.987794
6.983166
6.975281
6.980671
6.979439
6.975170
6.978603
6.985141
6.988653
6.980084
6.985811
6.978688
6.983074
6.976613
6.984873
6.984160
6.987804
6.982721
6.986031
6.981022
6.977816
6.984595
6.986918
6.970433
6.982276
6.977292
6.993146
6.987074
6.987495
6.980916
6.988441
6.987986
6.981009
6.982521
6.982370
6.988566
6.981396
6.991424
6.986093
6.972208
6.984835
6.984196
6.981356
6.980016
6.988851
6.984622
6.988733
6.976593
6.990000
6.973937
6.974345
6.981156
6.983757
6.983426
6.993007
6.989340
6.967342
6.978680
6.984742
6.985629
6.975411
6.984778
6.978734
6.988778
6.985933
6.980127
6.989460
6.977584
6.975291
6.988274
6.976156
6.990296
6.979290
6.976331
6.979577
6.972481
6.985906
7.002857
6.987562
6.965929
6.980722
7.015143
6.979539
6.981075
6.980387
6.985006
6.989226
6.980844
6.979713
6.979360
6.978884
6.982807
6.980280
6.973117
6.975973
6.989689
6.984692
6.987706
6.987406
6.990075
6.986207
6.972909
6.989126
6.985902
6.983241
6.980612
6.981474
6.977525
6.973446
6.986602
6.979597
6.988919
6.984632
6.988321
6.983354
6.977974
6.986094
6.980138
6.974380
6.989289
6.984763
6.987810
6.986889
6.982885
6.985136
6.999331
6.987910
6.975660
6.985773
6.979010
6.984088
6.980710
6.977602
6.975441
6.972297
6.978058
6.987661
6.978484
6.987467
6.980446
6.985400
6.987819
6.984687
6.990774
6.976052
