14.413882
0.041860
0.034123
0.033340
0.033137
0.163751
0.033682
0.032992
0.033289
0.033124
0.032995
0.033294
0.033129
0.033021
0.033310
0.032961
0.033082
0.040698
0.034323
0.033197
0.033217
0.032992
0.032965
0.033043
0.033020
0.033074
0.033137
0.033299
0.032976
0.033352
0.032997
0.032936
0.033084
0.032825
0.033033
0.033211
0.033225
0.033184
0.033357
0.033076
0.032903
0.033515
0.032867
0.033061
0.033007
0.032911
0.032892
0.033086
0.033033
0.033349
0.032971
0.032980
0.032846
0.032904
0.033096
0.033334
0.032914
0.033012
0.032917
0.032906
0.032909
0.032825
0.033174
0.033033
0.032890
0.032827
0.032956
0.033065
0.032970
0.032959
0.032914
0.032998
0.032884
0.033390
0.032855
0.032830
0.033202
0.033042
0.032861
0.032960
0.033216
0.032873
0.032911
0.032921
0.032824
0.032901
0.033006
0.033111
0.041889
0.033666
0.033211
0.033079
0.033243
0.033062
0.033030
0.032908
0.033114
0.033356
0.033099
0.032874
0.033155
0.032853
0.033000
0.033321
0.033153
0.033052
0.033134
0.032856
0.032889
0.033144
0.032902
0.032919
0.033077
0.032934
0.032920
0.033201
0.033167
0.032915
0.033009
0.032910
0.033084
0.032996
0.032843
0.032868
0.032980
0.033264
0.032980
0.032919
0.032934
0.033003
0.033153
0.032863
0.032938
0.032988
0.033381
0.033473
0.033015
0.032982
0.032818
0.032903
0.032812
0.033115
0.033183
0.032931
0.033061
0.033226
0.063305
0.033703
0.032971
0.032849
0.033047
0.032986
0.032986
0.035733
0.032943
0.033149
0.032979
0.032826
0.032810
0.032940
0.032940
0.032921
0.032983
0.033113
0.032826
0.032837
0.034683
0.032965
0.032899
0.032927
0.032847
0.033138
0.032939
0.061398
0.033261
0.033089
0.032856
0.033141
0.032877
0.032932
0.033070
0.033331
0.032881
0.033303
0.032933
0.033150
0.033090
0.033062
0.039035
0.033127
0.032891
0.032890
0.032824
0.037061
0.034449
0.032945
0.032843
0.032814
0.032883
0.032857
0.032806
0.032846
0.032909
0.032762
0.033201
0.033042
0.032945
0.034171
0.032819
0.032903
0.032963
0.032827
0.032777
0.032904
0.032860
0.033036
0.032921
0.032940
0.032923
0.032816
0.034082
0.032898
0.032898
0.033037
0.032932
0.034271
0.032823
0.032955
0.032903
0.032755
0.032968
0.032812
0.032757
0.033173
0.032872
0.032801
0.032956
0.032848
0.032797
0.032929
0.032804
0.032828
0.033028
0.032744
0.032884
0.032926
0.032910
0.032909
0.033032
0.033019
0.032799
0.033335
0.033244
0.033177
0.033115
0.032837
0.032760
0.034309
0.033668
0.032950
0.033061
0.033002
0.032802
0.032837
0.032877
0.032901
0.032790
0.032803
0.032870
0.032780
0.032948
0.032974
0.032940
0.032852
0.032830
0.032840
0.032837
0.032815
0.032890
0.032930
0.032791
0.032929
0.032934
0.032773
0.032821
0.032884
0.032926
0.032809
0.032815
0.034782
0.033049
0.032818
0.032993
0.032969
0.032781
0.033081
0.032821
0.032916
0.033020
0.032772
0.033024
0.032904
0.032840
0.032792
0.032971
0.033041
0.032898
0.032984
0.032838
0.032862
0.032992
0.032927
0.032773
0.033015
0.032958
0.033115
0.033066
0.032760
0.032794
0.033161
0.032875
0.034547
0.033010
0.032776
0.033015
0.033004
0.032816
0.032760
0.033140
0.032901
0.032754
0.033017
0.032904
0.032715
0.032908
0.033129
0.032873
0.032928
0.033033
0.032908
0.032876
0.032845
0.032885
0.037248
0.033006
0.032957
0.032822
0.032799
0.032940
0.033123
0.032916
0.032823
0.032834
0.037486
0.033457
0.032909
0.033085
0.032937
0.036087
0.033121
0.032865
0.032906
0.032819
0.033039
0.032922
0.033120
0.032829
0.033004
0.032815
0.032923
0.032840
0.032782
0.032859
0.032898
0.032845
0.032926
0.033192
0.032976
0.032974
0.032820
0.032813
0.032847
0.032805
0.033055
0.033020
0.034233
0.032942
0.032948
0.032874
0.032851
0.032866
0.032858
0.032824
0.033160
0.032803
0.032820
0.033292
0.032835
0.032843
0.033142
0.032801
0.032816
0.033147
0.032806
0.032814
0.033230
0.032877
0.032961
0.033007
0.032960
0.032984
0.032977
0.032903
0.032803
0.032864
0.033143
0.032818
0.034361
0.032875
0.032867
0.032822
0.032926
0.032859
0.032858
0.032906
0.032907
0.032939
0.032850
0.032972
0.033491
0.032793
0.033172
0.033199
0.032845
0.033005
0.032925
0.032757
0.032911
0.032781
0.032793
0.032945
0.032955
0.032901
0.033037
0.032853
0.032750
0.032936
0.032898
0.032819
0.034264
0.032810
0.032746
0.032881
0.033001
0.033027
0.032872
0.033047
0.032901
0.033076
0.032860
0.032882
0.033102
0.032932
0.033433
0.033636
0.033104
0.032837
0.033289
0.032908
0.032737
0.033077
0.033111
0.032996
0.033100
0.032866
0.032879
0.033383
0.032938
0.032787
0.032833
0.033075
0.034698
0.032954
0.032763
0.032796
0.032889
0.032892
0.032859
0.032950
0.032950
0.032811
0.032867
0.032924
0.032831
0.032902
0.032775
0.032848
0.032942
0.032761
0.032796
0.032832
0.032879
0.032906
0.033060
0.033172
0.033089
0.032954
0.032854
0.032900
0.032919
0.033007
0.032900
0.032897
0.034454
0.037814
0.033020
0.032815
0.033058
0.032879
0.032923
0.033115
0.033215
0.032881
0.032847
0.032992
0.032781
0.032857
0.032745
0.032973
0.037278
0.032930
0.032876
0.033163
0.032807
0.032746
0.033159
0.032766
0.032859
0.033035
0.033062
0.032808
0.032995
0.032790
0.032777
0.033021
0.034238
0.032749
0.033098
0.032813
0.032922
0.032963
0.032779
0.032759
0.032857
0.032833
0.032782
0.033071
0.032731
0.033059
0.032872
0.032785
0.032831
0.032873
0.032760
0.032815
0.032851
0.032853
0.032920
0.032925
0.032834
0.032764
0.033006
0.032711
0.033051
0.032777
0.032699
0.032825
0.034788
0.032703
0.032757
0.032812
0.032735
0.032808
0.032750
0.032841
0.032909
0.032755
0.032871
0.032907
0.032820
0.032808
0.032858
0.032738
0.032855
0.033239
0.032755
0.032760
0.032996
0.032859
0.032876
0.033457
0.032950
0.032760
0.032880
0.032790
0.033108
0.033470
0.032923
0.033134
0.034461
0.032858
0.032805
0.033003
0.032815
0.032873
0.033354
0.032832
0.032849
0.033023
0.032792
0.032807
0.032998
0.032854
0.032861
0.032761
0.032874
0.032805
0.032772
0.032779
0.032917
0.032773
0.032864
0.032800
0.032855
0.032803
0.032833
0.033079
0.032788
0.032737
0.032733
0.032808
0.037915
0.032773
0.032807
0.032760
0.032819
0.032731
0.032836
0.032736
0.032866
0.032942
0.032807
0.032891
0.032821
0.044626
0.033582
0.032878
0.032985
0.032800
0.032925
0.032779
0.032794
0.033679
0.032915
0.032947
0.032927
0.032746
0.032778
0.032786
0.032780
0.032915
0.032905
0.032812
0.034989
0.032865
0.032904
0.032738
0.032833
0.032861
0.032931
0.033837
0.032875
0.032719
0.033113
0.032861
0.036899
0.033191
0.032787
0.032943
0.033020
0.032828
0.032746
0.033105
0.032822
0.032714
0.033036
0.032815
0.032804
0.032795
0.035756
0.033022
0.032892
0.032865
0.032812
0.032754
0.035223
0.032807
0.032849
0.032806
0.032761
0.040946
0.032767
0.032766
0.032976
0.032812
0.032746
0.032890
0.032723
0.032826
0.032718
0.032809
0.032954
0.032900
0.032772
0.032832
0.032852
0.032720
0.033047
0.032671
0.032767
0.032839
0.032952
0.032761
0.032846
0.032795
0.032831
0.032863
0.034715
0.032717
0.032770
0.032911
0.032770
0.032792
0.032782
0.032765
0.032880
0.032739
0.032697
0.032999
0.032725
0.032850
0.032835
0.032760
0.032830
0.032993
0.032821
0.032684
0.032965
0.032737
0.032880
0.033015
0.032909
0.032786
0.033040
0.032766
0.032905
0.040688
0.032817
0.032689
0.035210
0.037603
0.032876
0.032787
0.033091
0.032653
0.032789
0.032831
0.032830
0.032799
0.032895
0.032794
0.032786
0.032793
0.032830
0.032833
0.032823
0.032875
0.032895
0.032883
0.032815
0.032854
0.032843
0.032750
0.032832
0.032786
0.032814
0.032733
0.032732
0.032972
0.032873
0.032782
0.034917
0.032756
0.032700
0.032866
0.032779
0.032730
0.032972
0.032826
0.032765
0.032831
0.032808
0.032810
0.032835
0.032791
0.032749
0.032805
0.032843
0.032889
0.032787
0.032790
0.032772
0.041762
0.032944
0.032760
0.033108
0.032777
0.032830
0.032955
0.032890
0.032774
0.033060
0.032817
0.035076
0.032977
0.032721
0.032873
0.032935
0.032769
0.032808
0.032919
0.032787
0.032707
0.032702
0.032805
0.032759
0.032899
0.032776
0.032757
0.032744
0.032710
0.032869
0.032766
0.032868
0.032717
0.033002
0.033189
0.032967
0.032775
0.032753
0.032819
0.032759
0.032724
0.032790
0.032801
0.035177
0.032887
0.032781
0.032744
0.032873
0.036154
0.034057
0.033014
0.032865
0.032820
0.032911
0.032963
0.032851
0.041329
0.032854
0.032731
0.032921
0.032771
0.032819
0.032872
0.032802
0.032803
0.034162
0.032891
0.032917
0.032867
0.032766
0.032699
0.032871
0.032985
0.032793
0.032902
0.034933
0.032756
0.033025
0.032793
0.032799
0.033109
0.032831
0.032742
0.033062
0.032734
0.032749
0.033053
0.032917
0.032728
0.032785
0.032787
0.033008
0.032814
0.032892
0.032843
0.032725
0.032687
0.032989
0.032680
0.032797
0.033051
0.032852
0.032745
0.032816
0.032736
0.032702
0.032817
0.034954
0.032716
0.032808
0.032851
0.041012
0.032981
0.032941
0.032744
0.033148
0.032753
0.032744
0.036420
0.033525
0.032685
0.033034
0.032853
0.032747
0.033034
0.032772
0.032897
0.032894
0.032809
0.032949
0.032731
0.032833
0.032699
0.032817
0.032694
0.032796
0.032875
0.032733
0.032750
0.034910
0.032703
0.032665
0.032838
0.032743
0.032740
0.032711
0.032748
0.032794
0.032800
0.032726
0.032789
0.032749
0.032807
0.032805
0.032706
0.032733
0.032872
0.032762
0.032967
0.032861
0.032724
0.032917
0.032763
0.032898
0.032714
0.032942
0.032795
0.041919
0.034143
0.032836
0.032753
0.034906
0.032718
0.032692
0.032818
0.032700
0.032711
0.032965
