5.292472
5.273097
5.271428
5.270128
5.343795
5.267913
5.272683
5.263779
5.388835
5.275051
5.265051
5.261802
5.290022
5.280584
5.273409
5.285386
5.410157
5.272859
5.299093
5.271144
5.396092
5.288981
5.285330
5.284535
5.411293
5.291070
5.270882
5.269102
5.392676
5.262619
5.268329
5.282895
5.316618
5.274450
5.285743
5.285478
5.296395
5.267568
5.277688
5.283683
5.415897
5.280140
5.283087
5.289579
5.283570
5.268271
5.278063
5.314399
5.293075
5.282419
5.280586
5.284399
5.367930
5.283844
5.279018
5.283134
5.384169
5.279296
5.272775
5.282652
5.311581
5.280564
5.281722
5.278777
5.293168
5.274990
5.273465
5.276118
5.414298
5.271069
5.259130
5.288089
5.368202
5.291414
5.292711
5.290234
5.356757
5.274912
5.304622
5.310652
5.401514
5.270784
5.272528
5.281597
5.293221
5.279310
5.280707
5.279911
5.407457
5.265746
5.280156
5.269194
5.395920
5.293331
5.281741
5.273143
5.364008
5.277310
5.293051
5.274641
5.325700
5.275396
5.280056
5.272075
5.296714
5.261548
5.279564
5.268264
5.319813
5.315336
5.300826
5.276572
5.343399
5.278058
5.274185
5.287878
5.358198
5.287098
5.270102
5.279630
5.341598
5.280799
5.286207
5.281081
5.376925
5.286193
5.268780
5.287312
5.388699
5.303655
5.286034
5.276125
5.373171
5.264421
5.296769
5.282198
5.303542
5.263992
5.278934
5.291394
5.371857
5.308866
5.289173
5.281708
5.302736
5.276667
5.286745
5.289561
5.389382
5.290510
5.288541
5.285910
5.331484
5.287212
5.286184
5.280055
5.273936
5.273357
5.276980
5.276309
5.302911
5.283212
5.283376
5.274769
5.367272
5.295068
5.283036
5.284733
5.379713
5.287206
5.269633
5.267927
5.307742
5.269199
5.279653
5.277977
5.348245
5.265900
5.284378
5.275518
5.334557
5.289563
5.284282
5.273966
5.362538
5.268637
5.306956
5.270857
5.392428
5.269544
5.279530
5.276127
5.404582
5.267912
5.260510
5.266219
5.284836
5.282494
5.272752
5.263405
5.377510
5.275733
5.293148
5.279624
5.408113
5.290433
5.260534
5.266650
5.382804
5.283949
5.261726
5.264568
5.316568
5.275885
5.288908
5.269600
5.406687
5.261454
5.262920
5.289417
6.151362
5.283715
5.266055
5.269201
5.350311
5.277485
5.276873
5.294243
5.365780
5.264792
5.279786
5.268604
5.324314
5.269412
5.282261
5.275228
5.324435
5.291409
5.272509
5.250973
5.292110
5.274576
5.276013
5.278956
5.355301
5.298322
5.260203
5.257952
5.358017
5.271284
5.284425
5.283826
5.313132
5.287090
5.258410
5.283850
5.379812
5.282965
5.289820
5.273710
5.394295
5.278695
5.279397
5.276674
5.380996
5.275711
5.289319
5.260396
5.336607
5.267034
5.299480
5.275894
5.308279
5.282703
5.283632
5.272037
5.297189
5.277487
5.275743
5.279775
5.302128
5.287746
5.264886
5.265812
5.362384
5.285185
5.284959
5.276936
5.380682
5.276058
5.267989
5.282262
5.373707
5.294317
5.280160
5.290044
5.369565
5.290732
5.273058
5.278450
5.322870
5.281694
5.281227
5.266600
5.351291
5.286367
5.290395
5.288709
5.384024
5.271431
5.270041
5.285433
5.340653
5.282911
5.270121
5.284341
5.356159
5.280693
5.275519
5.268983
5.372996
5.271661
5.280215
5.272125
5.303632
5.283031
5.294552
5.286725
5.401073
5.282286
5.290471
5.277041
5.397554
5.284549
5.265601
5.284868
5.317913
5.287287
5.268080
5.290641
5.289902
5.282903
5.262900
5.274838
5.361308
5.284972
5.285515
5.252032
5.317846
5.279966
5.282599
5.283746
5.325053
5.285058
5.265311
5.283090
5.308467
5.284234
5.261693
5.291412
5.368097
5.280318
5.282006
5.273400
5.297639
5.269064
5.290341
5.284316
5.345899
5.291315
5.263762
5.286816
5.290035
5.264248
5.293930
5.290485
5.297234
5.286979
5.290734
5.283888
5.396901
5.281126
5.276118
5.437950
5.329074
5.287032
5.270683
5.278104
5.325073
5.289806
5.269631
5.271870
5.255480
5.289252
5.265842
5.265936
5.354676
5.280484
5.269184
5.273697
5.358657
5.259362
5.305299
5.278606
5.364115
5.273821
5.272156
5.290808
5.352486
5.292544
5.262050
5.285674
5.257496
5.274168
5.276557
5.277391
5.334391
5.281703
5.288414
5.276815
5.345076
5.268859
5.278132
5.292506
5.289101
5.274670
5.282368
5.285460
5.386387
5.284261
5.289991
5.284485
5.295749
5.286895
5.283928
5.279148
5.280627
5.285635
5.273546
5.290296
5.407459
6.116272
5.286427
5.292441
5.322179
5.308230
5.256858
5.280832
5.386034
5.285188
5.291217
5.286806
5.327842
5.274771
5.286821
5.275136
5.344569
5.277735
5.298314
5.267276
5.402326
5.290759
5.274284
5.275154
5.312711
5.277654
5.271299
5.277174
5.328481
5.269443
5.265674
5.273452
5.321922
5.261336
5.300588
5.269351
5.330367
5.261759
5.270568
5.277958
5.343138
5.276074
5.265461
5.286897
5.363840
5.299158
5.288698
5.283172
5.285436
5.275052
5.262671
5.271958
5.414851
5.293932
5.276145
5.289930
5.387117
5.261607
5.261191
5.291310
5.329230
6.082172
5.270939
5.274971
5.387983
5.282216
5.284418
5.278020
5.281407
5.284602
5.279019
5.270288
5.404958
5.277565
5.267336
5.283362
5.347396
5.281396
5.273240
5.277388
5.369231
5.275278
5.264350
5.269401
5.306761
5.283869
5.284726
5.281538
5.391522
5.288780
5.320329
5.282290
5.355264
5.283968
5.276516
5.285086
5.328984
5.286355
5.271193
5.275818
5.377990
5.293795
5.279824
5.260592
5.348401
5.265394
5.277296
5.281796
5.341451
5.299865
5.292277
5.297150
5.340975
5.279363
5.276341
5.297244
5.342634
5.279533
5.266548
5.264347
5.309865
5.322087
5.275750
5.288330
5.391652
5.267810
5.260022
5.282373
5.296942
5.287638
5.259209
5.279622
5.345876
5.263970
5.263913
5.283409
5.290080
5.294721
5.268912
5.284089
5.311133
5.268884
5.282377
5.276675
5.328815
5.280085
5.278946
5.261776
5.280786
5.267252
5.262254
5.280837
5.362014
5.282100
5.251724
5.276831
5.370014
5.273226
5.278652
5.288009
5.388994
5.284213
5.263929
5.290829
5.373018
5.280382
5.272551
5.289511
5.386282
5.284642
5.267785
5.285012
5.353895
5.261523
5.281013
5.279221
5.286689
5.288046
5.275540
5.276744
5.346912
5.268764
5.271567
5.310883
5.377354
5.294914
5.277204
5.291212
5.412176
5.285371
5.280456
5.284596
5.284237
5.277075
5.271070
5.267082
5.304852
5.280986
5.283272
5.285204
5.377343
5.275691
5.283745
5.262867
5.325208
5.276740
5.270543
5.277993
5.314121
5.287201
5.273605
5.258094
5.323610
5.277385
5.300037
5.276169
5.307275
5.254195
5.277691
5.280970
5.395066
5.279035
5.277769
5.270469
5.291869
5.268036
5.264638
5.286538
5.345740
5.280947
5.280888
5.276304
5.354270
5.284383
5.284065
5.267812
5.372385
5.276923
5.278587
5.278739
5.296832
5.298381
5.283903
5.270847
5.380659
5.282954
5.284763
5.292738
5.332490
5.284257
5.263293
5.280829
5.358705
5.272792
5.272378
5.271311
5.328799
5.280907
5.281342
5.269970
5.293303
5.294001
5.289664
5.280182
5.298112
5.281055
5.291960
5.308125
5.377944
5.277719
5.277994
5.272956
5.258499
5.287619
5.263308
5.277061
5.284470
5.291205
5.291997
5.256399
5.351444
5.290375
6.091529
5.286421
5.278025
5.276883
5.278350
5.286279
5.350106
5.298509
5.281466
5.282232
5.374227
5.294178
5.280882
5.277839
5.363042
5.272208
5.279162
5.277010
5.337832
5.301820
5.302386
5.288671
5.310578
5.273182
5.279707
5.275796
5.297696
5.271985
5.286393
5.273299
5.339088
5.276827
5.278785
5.288228
5.315949
5.299127
5.283601
5.273893
5.321200
5.300091
5.281727
5.301488
5.291041
5.292834
5.259966
5.281293
5.351343
5.266014
5.265758
5.273330
5.352830
5.267898
5.302187
5.261722
5.339220
5.278392
5.281689
5.285519
5.352371
5.251007
5.281675
5.268741
5.418300
5.296748
5.276292
5.290849
5.277829
5.272420
5.269904
5.280089
5.406198
5.271979
5.278636
5.282485
5.348958
5.295220
5.290218
5.258712
5.278544
5.278308
5.284724
5.261870
5.394094
5.278625
5.275529
5.291657
5.386133
5.286582
5.279818
5.272102
5.276998
5.267637
5.290730
5.277493
5.324748
5.282088
5.258097
5.272459
5.398602
5.275688
5.276976
5.287695
5.367369
5.295933
5.279160
5.276760
5.327208
5.267017
5.281077
5.265287
5.367307
5.255891
5.314934
5.280159
5.279669
5.276884
5.261760
5.267852
5.367295
5.269775
5.276149
5.269490
5.344053
5.271799
5.305071
5.319595
5.416999
5.285052
5.274076
5.290996
5.308211
5.281289
5.263538
5.281503
5.362037
5.290308
5.283849
5.288501
5.409352
5.299020
5.279302
5.289244
5.403116
5.346386
5.287937
5.265887
5.316202
5.288430
5.276358
5.273754
5.414205
5.276725
5.288656
5.297276
5.276814
5.279148
5.303176
5.317749
5.357374
5.284925
5.278434
5.262223
5.348004
5.275170
5.276778
5.298829
5.368487
5.273513
5.289706
5.290502
5.319556
5.272216
5.287452
5.274714
5.363967
5.281231
5.285302
5.276493
5.371144
5.268152
5.271596
5.265937
5.349423
5.274361
5.278362
5.281755
5.286476
5.318538
5.286193
5.273987
5.397170
5.262262
5.277330
5.284980
5.404438
5.275823
5.279171
5.273565
5.392604
5.286906
5.287040
5.287560
5.308699
5.275991
5.264884
5.283585
5.336673
5.279786
5.279466
5.289783
5.308840
5.281683
5.277557
5.275202
5.297999
5.327958
5.285314
5.260456
5.412388
5.268285
5.250173
6.084109
5.324220
5.288618
5.275078
5.291707
5.346831
5.288870
5.278363
5.278352
5.357932
5.279748
5.288769
5.268197
5.293464
5.270792
5.271372
5.284672
5.374569
5.292572
5.264484
5.275252
5.401658
5.265754
5.270014
5.278505
5.441438
5.275951
5.280556
5.286578
5.340423
5.278841
5.280178
5.257984
5.385066
5.296599
5.289318
5.274676
5.379623
5.299604
5.276827
5.263214
5.379466
5.280591
5.272788
5.286448
5.342827
5.258129
5.301625
5.290302
5.350575
5.267444
5.265878
5.271533
5.360333
5.263052
5.279545
5.291500
