0.562401
0.556334
0.556917
0.557322
0.587744
0.553554
0.555035
0.556157
0.638375
0.553972
0.560603
0.559797
0.583565
0.556198
0.558019
0.554742
0.561559
0.555108
0.553065
0.560627
0.606279
0.560645
0.548709
0.554934
0.654459
0.560300
0.554714
0.560352
0.553360
0.558676
0.557294
0.558306
0.641886
0.558813
0.560013
0.559092
0.554384
0.560938
0.556145
0.560657
0.645342
0.562003
0.553075
0.557045
0.665894
0.552631
0.558729
0.556818
0.623788
0.553850
0.559982
0.558613
0.647779
0.556575
0.562253
0.554964
0.612054
0.555436
0.552784
0.557232
0.604048
0.548364
0.558257
0.556475
0.641496
0.555522
0.558046
0.550118
0.667036
0.559120
0.552345
0.553961
0.603481
0.561428
0.552174
0.562073
0.677542
0.557575
0.555236
0.557907
0.657860
0.552412
0.552344
0.563826
0.660851
0.554884
0.557883
0.557713
0.630714
0.556616
0.557256
0.559487
0.640921
0.557377
0.561178
0.554219
0.641365
0.550568
0.557406
0.553668
0.617833
0.549597
0.556074
0.558063
0.629848
0.559519
0.557872
0.551044
0.592801
0.555174
0.553711
0.558403
0.641482
0.556215
0.556831
0.561473
0.644945
0.557511
0.557275
0.556400
0.664625
0.563353
0.557970
0.554050
0.603770
0.552467
0.558345
0.557916
0.611181
0.563232
0.554419
0.552226
0.559720
0.555028
0.558035
0.561514
0.583126
0.551487
0.553822
0.553217
0.605652
0.559733
0.560534
0.556045
0.641894
0.554419
0.557473
0.554255
0.594678
0.555149
0.551181
0.559272
0.671677
0.559264
0.557736
0.551091
0.604916
0.556399
0.551615
0.559286
0.685291
0.555901
0.559033
0.557503
0.576053
0.560896
0.556477
0.557064
0.580099
0.556478
0.550282
0.589527
0.676919
0.558666
0.556418
0.559066
0.670965
0.558250
0.556762
0.556465
0.587695
0.560489
0.554226
0.551945
0.582205
0.563232
0.551643
0.555142
0.619423
0.557048
0.556711
0.558083
0.585254
0.553735
0.554852
0.553531
0.550771
0.557705
0.555461
0.555160
0.679478
0.561068
0.559006
0.552250
0.677540
0.556816
0.554270
0.558438
0.590457
0.561241
0.549198
0.554630
0.641130
0.553063
0.553829
0.552065
0.667651
0.560339
0.556391
0.551649
0.560371
0.556822
0.558413
0.556437
0.651188
0.554555
0.553909
0.558689
0.618528
0.561741
0.559616
0.559018
0.637785
0.565316
0.555336
0.551457
0.667974
0.553869
0.553333
0.560321
0.668760
0.556959
0.553874
0.560510
0.606304
0.550867
0.553594
0.554865
0.613761
0.561003
0.552613
0.555015
0.557659
0.556932
0.554488
0.554211
0.613646
0.553924
0.556984
0.557681
0.609929
0.556251
0.556563
0.559212
0.609220
0.553321
0.559261
0.558197
0.614080
0.554345
0.553031
0.557900
0.639284
0.553782
0.556906
0.552066
0.616825
0.555032
0.552974
0.550550
0.610322
0.550891
0.549679
0.554318
0.626731
0.559475
0.556221
0.559664
0.623002
0.554099
0.551053
0.556590
0.680684
0.557979
0.555308
0.562940
0.636962
0.553807
0.554316
0.554683
0.618004
0.555627
0.557288
0.555194
0.607187
0.560093
0.558072
0.557679
0.620010
0.555999
0.562180
0.560678
0.673832
0.554145
0.556284
0.562342
0.557216
0.562024
0.555869
0.552735
0.575210
0.559325
0.552419
0.558825
0.670411
0.552671
0.560778
0.549957
0.604262
0.556469
0.562338
0.562218
0.612158
0.558338
0.561531
0.555838
0.580949
0.557739
0.549955
0.555265
0.653218
0.558540
0.553514
0.557054
0.681323
0.551357
0.556707
0.553038
0.646147
0.554800
0.560030
0.558031
0.650563
0.556974
0.552116
0.563607
0.558052
0.555342
0.557814
0.558527
0.580876
0.559766
0.552175
0.554366
0.586068
0.558250
0.549941
0.562830
0.638366
0.560263
0.550426
0.560778
0.662245
0.561255
0.559643
0.551355
0.642447
0.556749
0.559431
0.557637
0.631825
0.548639
0.557168
0.552595
0.670726
0.554799
0.561926
0.557471
0.638183
0.555695
0.553835
0.553395
0.633673
0.559832
0.560097
0.553404
0.657996
0.553845
0.557025
0.550065
0.652792
0.557960
0.555492
0.566017
0.559673
0.561112
0.552432
0.561992
0.646303
0.560650
0.555955
0.557613
0.633937
0.554452
0.552167
0.554031
0.593006
0.559253
0.557490
0.557186
0.633435
0.556731
0.550696
0.558674
0.624314
0.555093
0.558605
0.555151
0.578384
0.559578
0.551392
0.557902
0.673870
0.552506
0.553819
0.553363
0.558878
0.556028
0.549615
0.556339
0.556665
0.552707
0.553690
0.554007
0.611168
0.560476
0.560879
0.554692
0.553236
0.560508
0.560199
0.562287
0.554922
0.555317
0.555894
0.558390
0.650125
0.555513
0.555287
0.562103
0.608524
0.557453
0.558085
0.555863
0.634434
0.553140
0.555487
0.550806
0.587348
0.557026
0.555223
0.558506
0.678054
0.559257
0.562560
0.559340
0.561635
0.554228
0.562918
0.558394
0.558721
0.554625
0.558753
0.556104
0.683985
0.558395
0.556836
0.563263
0.589162
0.552740
0.552843
0.554452
0.673634
0.552146
0.556925
0.556371
0.592482
0.560317
0.558126
0.558492
0.590001
0.551804
0.551180
0.560328
0.622799
0.557437
0.559291
0.558100
0.596443
0.552842
0.560455
0.558906
0.658573
0.555594
0.566374
0.555922
0.557108
0.556300
0.556058
0.560478
0.575988
0.555669
0.553739
0.556555
0.587074
0.564552
0.559349
0.558526
0.553896
0.554241
0.557682
0.555656
0.633455
0.555941
0.552443
0.557101
0.647564
0.554922
0.553161
0.552809
0.604895
0.563300
0.550472
0.552391
0.637223
0.560308
0.550156
0.548212
0.656238
0.556829
0.555770
0.556516
0.666961
0.555743
0.555685
0.550944
0.555280
0.559007
0.556234
0.553927
0.584486
0.557901
0.554591
0.556026
0.557914
0.553913
0.555545
0.560162
0.557810
0.563660
0.552747
0.553426
0.611811
0.560490
0.554858
0.552911
0.621467
0.549836
0.550643
0.562020
0.648205
0.555379
0.556354
0.564829
0.593457
0.555183
0.549867
0.557083
0.630844
0.554134
0.552672
0.557001
0.558462
0.556325
0.560692
0.552604
0.622971
0.553534
0.554684
0.553067
0.623893
0.551026
0.552133
0.551049
0.638085
0.555781
0.552657
0.557677
0.605224
0.553117
0.550178
0.553274
0.576813
0.550607
0.558972
0.560439
0.673854
0.555066
0.556317
0.555475
0.675193
0.555440
0.557399
0.556237
0.586585
0.558241
0.556532
0.557246
0.558145
0.559849
0.555705
0.558501
0.607874
0.555043
0.554555
0.556790
0.649173
0.555000
0.558720
0.558583
0.603264
0.548535
0.554766
0.559247
0.665536
0.556526
0.557576
0.561538
0.660800
0.552271
0.555319
0.556949
0.557177
0.557659
0.551840
0.554822
0.676694
0.552484
0.557196
0.552715
0.661839
0.553416
0.554721
0.556097
0.669562
0.550303
0.559770
0.559018
0.666949
0.548415
0.557905
0.555237
0.660773
0.554611
0.551082
0.560185
0.647627
0.552289
0.555704
0.553290
0.623581
0.552071
0.558316
0.552107
0.639387
0.553972
0.555948
0.556546
0.625196
0.560266
0.556566
0.553585
0.661562
0.558201
0.549731
0.560300
0.624976
0.551379
0.557363
0.550124
0.581835
0.560637
0.556788
0.552221
0.636111
0.560288
0.558057
0.557358
0.607253
0.552480
0.551240
0.554726
0.663483
0.559258
0.557141
0.562724
0.671908
0.560233
0.554672
0.558158
0.642458
0.553531
0.556091
0.556963
0.609110
0.554012
0.554878
0.558947
0.660206
0.556080
0.556045
0.556278
0.687294
0.561627
0.554870
0.552989
0.635534
0.549648
0.559182
0.552583
0.608774
0.560556
0.550395
0.555118
0.647506
0.558733
0.556921
0.553332
0.586584
0.553746
0.557008
0.559503
0.584553
0.561524
0.558801
0.558462
0.600703
0.553786
0.555925
0.556836
0.556678
0.559699
0.552605
0.552115
0.588847
0.554012
0.555209
0.554443
0.554100
0.552693
0.558018
0.560324
0.619240
0.557950
0.555928
0.555350
0.560539
0.556956
0.554663
0.553832
0.653602
0.554998
0.554183
0.559635
0.608079
0.556077
0.559868
0.558990
0.590314
0.556883
0.555858
0.550200
0.685629
0.558803
0.552070
0.560656
0.580705
0.560536
0.552504
0.555093
0.597678
0.554932
0.553884
0.555047
0.591095
0.551541
0.560496
0.558788
0.557828
0.555333
0.558347
0.557192
0.558063
0.559103
0.553204
0.561825
0.630435
0.560886
0.555869
0.559428
0.613875
0.559142
0.557303
0.549741
0.666749
0.555093
0.552911
0.556414
0.588011
0.560892
0.551954
0.554489
0.559048
0.551461
0.556890
0.553997
0.558553
0.559597
0.553907
0.558087
0.629896
0.549402
0.557354
0.561457
0.673553
0.565637
0.559257
0.550381
0.639500
0.551263
0.557809
0.551437
0.615838
0.551208
0.557205
0.557615
0.615005
0.557610
0.560467
0.553054
0.552603
0.554358
0.555471
0.552189
0.562265
0.558705
0.556860
0.555475
0.572116
0.552930
0.552642
0.559099
0.652105
0.553327
0.558779
0.561553
0.668350
0.556166
0.555495
0.551446
0.642941
0.557845
0.551892
0.554894
0.631481
0.552990
0.558109
0.553530
0.627258
0.553848
0.556985
0.562908
0.605301
0.564123
0.558613
0.555265
0.607990
0.555590
0.556533
0.550686
0.650492
0.553753
0.553334
0.554827
0.555596
0.553735
0.555725
0.561467
0.598089
0.557432
0.556556
0.555326
0.642204
0.558010
0.556306
0.562120
0.553746
0.558478
0.556463
0.558401
0.617861
0.552599
0.556438
0.553695
0.679652
0.560908
0.554815
0.554461
0.606044
0.552592
0.556587
0.558916
0.554566
0.551393
0.560061
0.554020
0.549351
0.559358
0.553254
0.555418
0.556683
0.550998
0.555306
0.553344
0.596779
0.554493
0.560215
0.559273
0.605261
0.553555
0.556461
0.554991
0.554176
0.555875
0.547383
0.560212
0.657827
0.554025
0.553659
0.558396
0.595955
0.551455
0.555394
0.553007
0.657400
0.555536
0.555381
0.562845
0.601194
0.561610
0.556257
0.556989
0.556945
0.553995
0.557929
0.561279
0.638023
0.552199
0.554073
0.554381
0.676679
0.552852
0.557997
0.550639
0.559974
0.555820
0.555045
0.556827
0.649954
0.553928
0.547224
0.556379
0.663001
0.549848
0.555411
0.556396
0.577364
0.564637
0.561622
0.558226
