69.644070
69.662066
69.658167
69.620432
69.694234
69.671759
69.639106
69.691091
69.665267
69.737374
69.739312
69.710879
69.638054
69.663609
69.682928
69.691484
69.716528
69.732656
69.654918
69.653789
69.630935
69.685026
69.682535
69.660904
69.738147
69.668336
69.593551
69.774315
69.703913
69.620063
69.618976
69.665822
69.623559
69.633917
69.666530
69.625916
69.650873
69.616890
69.593587
69.591829
69.654050
69.628138
69.586464
69.608218
69.628627
69.697983
69.594666
69.615046
69.640234
69.607694
69.718669
69.629676
69.608284
69.612901
69.643597
69.572464
69.706431
69.629504
69.667775
69.680857
69.637699
69.617468
69.608545
69.686915
69.602339
69.709453
69.684861
69.623928
69.620343
69.729586
69.719777
69.676365
69.631711
69.640058
69.680584
69.684599
69.680135
69.595076
69.720818
69.608900
69.732851
69.673269
69.600214
69.674774
69.580497
69.766472
69.651646
69.644715
69.747781
69.739725
69.628529
69.647607
69.695483
69.651789
69.674221
69.669644
69.692571
69.648475
69.751362
69.703677
69.593257
69.746655
69.617030
69.665337
69.715639
69.662390
69.651384
69.638413
69.675096
69.664726
69.656012
69.630410
69.621711
69.694957
69.746319
69.595844
69.700350
69.674419
69.656422
69.661478
69.634013
69.637271
69.628147
69.715572
69.698252
69.618075
69.634304
69.645615
69.688166
69.688907
69.660710
69.635096
69.630812
69.693842
69.717737
69.643646
69.620441
69.640725
69.658769
69.718627
69.635948
69.663018
69.749851
69.674443
69.609237
69.745347
69.704143
69.675435
69.652559
69.613896
69.695776
69.602788
69.655802
69.687211
69.631896
69.622513
69.692321
69.702441
69.573782
69.642466
69.641460
69.614051
69.725898
69.619328
69.649388
69.713458
69.686133
69.632576
69.653166
69.718100
69.722606
69.814010
69.583035
69.578877
69.641209
69.595858
69.693338
69.651549
69.713618
69.620604
69.643756
69.647644
69.696999
69.713865
69.707937
69.674321
69.704519
69.636481
69.618519
69.728933
69.838905
69.697039
69.637989
69.698212
69.738081
69.633986
69.683158
69.658786
69.673708
69.741528
69.598397
69.560124
69.657653
69.709209
69.683834
69.642777
69.579241
69.617383
69.609946
69.657218
69.782155
69.711600
69.739947
69.733630
69.740487
69.738420
69.648471
69.680275
69.642852
69.593063
69.603809
69.654513
69.531224
69.630631
69.705954
69.601229
69.623997
69.685379
69.758392
69.698999
69.762710
69.651245
69.628382
69.644152
69.655781
69.658811
69.704664
69.612700
69.579384
69.655814
69.672388
69.611101
69.681545
69.645001
69.613410
69.627683
69.626942
69.628435
69.625451
69.639497
69.714899
69.679172
69.661889
69.659387
69.657918
69.658281
69.648616
69.740679
69.625832
69.610645
69.660458
69.660796
69.631271
69.584618
69.653009
69.676450
69.661237
69.628488
69.660103
69.694754
69.651902
69.721424
69.650152
69.634739
69.619778
69.552371
69.580715
69.675685
69.657326
69.646700
69.668966
69.683334
69.708636
69.720419
69.558848
69.664684
69.798936
69.549232
69.678512
69.710081
69.608439
69.661834
69.607201
69.791082
69.677135
69.676964
69.608937
69.666148
69.599662
69.653169
69.672088
69.723919
69.619903
69.660963
69.699429
69.627057
69.700457
69.624288
69.668986
69.634600
69.627920
69.685628
69.707092
69.634108
69.704687
69.637046
69.633873
69.712352
69.738914
69.589178
69.602642
69.639529
69.579461
69.667920
69.672908
69.628650
69.618445
69.591658
69.622788
69.698760
69.615765
69.563100
69.710666
69.669106
69.687066
69.648151
69.736957
69.603420
69.704010
69.711961
69.605147
69.640830
69.692245
69.805247
69.684886
69.599887
69.668652
69.649601
69.637795
69.644315
69.640960
69.564118
69.643616
69.656671
69.684635
69.659818
69.723100
69.665504
69.699959
69.672992
69.601018
69.599490
69.725627
69.674860
69.684316
69.629575
69.651641
69.697536
69.562811
69.619825
69.700081
69.657398
69.772911
69.653998
69.790795
69.625443
69.660102
69.583335
69.637897
69.598948
69.658701
69.620386
69.711340
69.658144
69.597868
69.623163
69.743360
69.602520
69.673893
69.664813
69.639289
69.681377
69.732293
69.747218
69.645466
69.641207
69.671291
69.666556
69.562386
69.656907
69.693307
69.770735
69.578676
69.755353
69.706549
69.734991
69.638711
69.601168
69.718715
69.707612
69.606586
69.583756
69.676268
69.655352
69.646923
69.702102
69.596209
69.632894
69.625945
69.631445
69.685563
69.660087
69.584958
69.639783
69.660063
69.791164
69.655131
69.632710
69.639402
69.802220
69.671254
69.632701
69.636933
69.632869
69.639429
69.626011
69.670384
69.703494
69.722029
69.640991
69.661412
69.728112
69.646301
69.760994
69.764713
69.666191
69.727591
69.655547
69.614805
69.631589
69.710661
69.669909
69.684118
69.679451
69.659038
69.668123
69.629178
69.637467
69.788602
69.731810
69.615589
69.689959
69.705620
69.634789
69.652578
69.711120
69.680402
69.620089
69.625861
69.651881
69.726254
69.686945
69.706662
69.648096
69.675537
69.582422
69.706321
69.668105
69.719990
69.699404
69.682906
69.731787
69.620241
69.683893
69.633013
69.745656
69.791646
69.673821
69.671865
69.631466
69.751173
69.662461
69.610142
69.667523
69.609526
69.636127
69.698961
69.601979
69.728045
69.678138
69.724553
69.657946
69.652667
69.643691
69.587744
69.729434
69.663017
69.609211
69.635534
69.625328
69.672746
69.628335
69.692850
69.731800
69.671590
69.715063
69.642959
69.617805
69.708159
69.669229
69.717291
69.648720
69.708356
69.700901
69.623546
69.684478
69.628788
69.687708
69.668890
69.678435
69.670247
69.677607
69.632285
69.653435
69.638072
69.604687
69.600960
69.629747
69.621175
69.612152
69.614926
69.611000
69.652102
69.689282
69.749616
69.622879
69.669929
69.641533
69.603665
69.692329
69.671939
69.617644
69.635576
69.612810
69.653810
69.665310
69.655381
69.652911
69.720602
69.626915
69.634467
69.715671
69.689174
69.628056
69.633954
69.631143
69.675910
69.692157
69.725474
69.659161
69.713363
69.726508
69.646242
69.767410
69.710071
69.733887
69.619129
69.633873
69.679584
69.680718
69.698668
69.701716
69.687767
69.651929
69.667884
69.676461
69.656096
69.731122
69.681284
69.683532
69.725659
69.578037
69.599534
69.593787
69.752056
69.605408
69.714512
69.666051
69.662758
69.724854
69.713009
69.810464
69.633225
69.688187
69.683123
69.616020
69.687690
69.680624
69.632520
69.615076
69.704368
69.676051
69.585374
69.720553
69.620110
69.652783
69.705854
69.644654
69.728410
69.652264
69.625073
69.632276
69.645340
69.580014
69.625951
69.681761
69.640026
69.671593
69.614595
69.592921
69.721860
69.654930
69.723976
69.650579
69.699425
69.627780
69.670255
69.713828
69.702693
69.632688
69.709009
69.678611
69.622178
69.614450
69.664951
69.586351
69.688291
69.638209
69.657499
69.711173
69.677054
69.680347
69.573617
69.654321
69.686612
69.681426
69.650715
69.664685
69.645216
69.762243
69.717007
69.714852
69.701992
69.737428
69.714108
69.596546
69.616781
69.677465
69.634713
69.661892
69.779896
69.630356
69.733615
69.680002
69.650895
69.740967
69.673617
69.740450
69.704795
69.669366
69.700702
69.687841
69.701077
69.637690
69.579334
69.630596
69.645681
69.622396
69.780159
69.659281
69.740614
69.660058
69.742952
69.633720
69.712984
69.659603
69.675157
69.713296
69.732018
69.684362
69.628039
69.663156
69.728346
69.646935
69.650824
69.683886
69.661208
69.652382
69.665985
69.657065
69.811203
69.652326
69.665718
69.729513
69.655719
69.624241
69.836627
69.686137
69.598096
69.687372
69.664948
69.651160
69.738312
69.678884
69.661841
69.750322
69.717772
69.632908
69.608418
69.706252
69.776894
69.662688
69.648850
69.597651
69.573182
69.608585
69.664891
69.588444
69.676922
69.597236
69.597831
69.648570
69.718577
69.629106
69.605839
69.778396
69.638666
69.608966
69.625965
69.654291
69.702194
69.741467
69.705210
69.692111
69.745316
69.582889
69.671891
69.684975
69.773549
69.666666
69.653304
69.697268
69.654650
69.647374
69.622706
69.677290
69.693096
69.675951
69.627004
69.604465
69.625978
69.722922
69.678910
69.739235
69.656835
69.690754
69.723269
69.677629
69.767735
69.590840
69.739630
69.658158
69.768636
69.704443
69.651542
69.664644
69.713800
69.621155
69.632945
69.669916
69.707714
69.655233
69.653597
69.660270
69.632649
69.672466
69.584585
69.651730
69.736423
69.683888
69.611958
69.612196
69.805216
69.616813
69.710453
69.666611
69.637855
69.685434
69.611785
69.670036
69.745763
69.718070
69.637839
69.649874
69.759679
69.675043
69.625970
69.624230
69.652275
69.652625
69.620198
69.638988
69.572283
69.630351
69.640446
69.604966
69.671889
69.658302
69.672421
69.694023
69.692463
69.780610
69.675237
69.664521
69.744826
69.624621
69.637530
69.650233
69.719267
69.690614
69.663313
69.614251
69.801506
69.610937
69.618146
69.724627
69.641820
69.649329
69.656573
69.679833
69.687966
69.726473
69.628050
69.663677
69.624116
69.678218
69.614413
69.641669
69.591682
69.635440
69.744124
69.663055
69.704188
69.620148
69.703697
69.803904
69.685414
69.711742
69.637451
69.670634
69.606768
69.682167
69.629344
69.742112
69.652285
69.653295
69.602269
69.742397
69.756138
69.652354
69.662087
69.709335
69.595898
69.601287
69.611791
69.610932
69.653086
69.622978
69.743136
69.648472
69.656025
69.685652
69.668811
69.689171
69.676234
69.629413
69.635259
69.656358
69.810958
69.698895
69.634931
69.558618
69.672620
69.662252
69.691885
69.601764
69.693755
69.617273
69.675766
69.741107
69.656426
69.669357
69.705173
69.787537
69.700893
69.627512
69.635513
69.721140
69.661286
69.599284
69.642135
69.601922
69.631886
69.687666
69.635017
69.628024
69.640458
69.719370
69.658045
69.665869
69.663154
69.660171
69.677992
69.639892
69.616043
69.630890
69.666916
69.638280
69.680433
69.686399
69.624901
69.676875
69.627638
69.584510
69.666937
69.610672
69.811753
69.698572
69.650920
69.653992
69.758081
69.619340
69.667120
69.673387
69.712263
69.637787
69.631727
69.659500
69.611578
69.652273
69.691562
69.654760
69.627506
69.585362
69.603656
69.596342
69.720807
69.689712
69.649499
69.586557
69.686226
69.637836
69.694392
69.713206
69.702844
69.707898
69.651473
69.674452
69.625979
69.642123
69.645964
69.726187
69.672125
69.674152
69.751260
69.671397
69.669642
69.685319
69.653291
69.665984
69.715330
69.646100
69.709478
69.670081
69.724781
69.639277
69.628705
69.656809
69.672187
69.589145
