0.080871
0.079647
0.079648
0.079555
0.079657
0.079444
0.079430
0.079628
0.079672
0.079498
0.079503
0.079683
0.079463
0.079413
0.079691
0.079424
0.079390
0.079457
0.079592
0.079597
0.079583
0.079565
0.189031
0.079653
0.079447
0.079489
0.079598
0.079509
0.079671
0.079372
0.079512
0.079533
0.079696
0.079539
0.079604
0.079427
0.079324
0.079754
0.079722
0.079387
0.079382
0.079458
0.079562
0.079407
0.079548
0.079463
0.079676
0.079504
0.079527
0.079467
0.079529
0.079587
0.079556
0.079636
0.079771
0.079545
0.079702
0.079348
0.079820
0.079488
0.084037
0.079524
0.079568
0.079858
0.079588
0.079813
0.079625
0.079523
0.079587
0.079508
0.079634
0.079365
0.079849
0.079480
0.079735
0.079613
0.079695
0.079591
0.079538
0.079506
0.079486
0.079719
0.079554
0.079440
0.079515
0.079724
0.079563
0.079486
0.079624
0.079651
0.079275
0.079447
0.079431
0.079535
0.079748
0.079668
0.079714
0.079503
0.079514
0.079333
0.079561
0.079643
0.079421
0.079505
0.079363
0.079755
0.079835
0.079475
0.079513
0.079644
0.079517
0.079598
0.079697
0.079454
0.079752
0.079624
0.079549
0.079392
0.079405
0.079423
0.079623
0.079517
0.079408
0.079609
0.079684
0.079392
0.079528
0.079650
0.079495
0.079437
0.079482
0.079469
0.079537
0.079430
0.079498
0.079822
0.079557
0.079550
0.079589
0.079896
0.079632
0.079519
0.079620
0.079364
0.079615
0.079520
0.079573
0.079839
0.079525
0.079736
0.079702
0.079530
0.079508
0.079558
0.079613
0.079560
0.079692
0.079537
0.079430
0.079669
0.079621
0.079507
0.079515
0.079562
0.079419
0.079404
0.079573
0.079668
0.079508
0.079496
0.079374
0.079460
0.079435
0.079379
0.079535
0.079831
0.079670
0.086238
0.079411
0.079410
0.079660
0.079741
0.079584
0.079470
0.079651
0.079670
0.079526
0.079783
0.079822
0.079395
0.079538
0.079461
0.079400
0.079804
0.079482
0.079449
0.079408
0.079571
0.079657
0.079510
0.079560
0.079366
0.079630
0.079599
0.079570
0.079498
0.079551
0.079412
0.079640
0.079697
0.079447
0.079745
0.079591
0.079616
0.079610
0.079521
0.084314
0.079656
0.079700
0.079642
0.079634
0.079566
0.079553
0.079643
0.079761
0.079760
0.079571
0.079634
0.079673
0.079523
0.079543
0.079705
0.079735
0.079667
0.079793
0.079734
0.079643
0.079522
0.079544
0.079407
0.079798
0.079729
0.079455
0.079513
0.079641
0.079603
0.079691
0.079498
0.079584
0.079504
0.079459
0.079483
0.079541
0.079397
0.079500
0.083443
0.079557
0.079727
0.079554
0.079477
0.079592
0.079728
0.079581
0.079400
0.079331
0.079466
0.079484
0.079738
0.079547
0.079620
0.079627
0.079575
0.079570
0.079563
0.079490
0.079555
0.079675
0.079526
0.079573
0.079769
0.079515
0.079418
0.079732
0.079645
0.079581
0.079498
0.079497
0.079470
0.079495
0.079597
0.079403
0.079624
0.079645
0.079622
0.188050
0.079600
0.079548
0.079507
0.079388
0.079501
0.079532
0.079660
0.079481
0.079574
0.079438
0.079634
0.079711
0.079496
0.079460
0.079490
0.079519
0.079441
0.079534
0.079431
0.079670
0.079508
0.079816
0.079479
0.079385
0.079439
0.079423
0.079748
0.079684
0.079398
0.079616
0.079317
0.079307
0.079434
0.079488
0.079394
0.079798
0.079806
0.090866
0.079398
0.079591
0.079403
0.079349
0.079616
0.079516
0.079381
0.079639
0.079609
0.079637
0.079437
0.079483
0.079795
0.079689
0.079699
0.079545
0.079541
0.079511
0.079452
0.079694
0.079753
0.079592
0.079730
0.079493
0.079485
0.079564
0.079746
0.079763
0.079595
0.079699
0.079408
0.079547
0.079476
0.079735
0.079425
0.079505
0.079543
0.079361
0.084162
0.079568
0.079765
0.079525
0.079536
0.079221
0.079702
0.079345
0.079537
0.079697
0.079404
0.079416
0.079588
0.079480
0.079389
0.079479
0.079863
0.079653
0.079646
0.079336
0.079497
0.079658
0.079645
0.079764
0.079443
0.079447
0.079879
0.079434
0.079482
0.079809
0.079748
0.079464
0.079527
0.079499
0.079513
0.079549
0.079542
0.079534
0.079577
0.083290
0.079770
0.079386
0.079410
0.079561
0.079404
0.079364
0.079424
0.079532
0.079432
0.079673
0.079376
0.079478
0.079555
0.079401
0.079401
0.079743
0.079367
0.079345
0.079623
0.079729
0.079395
0.079490
0.079547
0.079774
0.079685
0.079715
0.079582
0.079593
0.079450
0.079502
0.079612
0.079720
0.079447
0.079634
0.079473
0.079487
0.079578
0.079500
0.210479
0.079750
0.079859
0.079186
0.079564
0.079744
0.079316
0.079607
0.079283
0.079614
0.079308
0.079500
0.079629
0.079513
0.079409
0.079403
0.079704
0.079604
0.079405
0.079631
0.079472
0.079707
0.079576
0.079550
0.079524
0.079357
0.079432
0.079737
0.079452
0.079469
0.079749
0.079651
0.079530
0.079565
0.079388
0.079510
0.079633
0.079476
0.084352
0.079612
0.079578
0.079480
0.079713
0.079801
0.079417
0.079712
0.079628
0.079495
0.079491
0.079596
0.079435
0.079657
0.079635
0.079449
0.079296
0.079458
0.079445
0.079596
0.079510
0.079530
0.079511
0.079447
0.079630
0.079390
0.079583
0.079500
0.079446
0.079692
0.079450
0.079624
0.079529
0.079660
0.079714
0.079465
0.079612
0.079791
0.079689
0.079438
0.079827
0.079482
0.079620
0.079667
0.079484
0.079581
0.079564
0.079608
0.079493
0.079543
0.079496
0.079441
0.079644
0.079523
0.079494
0.079801
0.079500
0.079762
0.079412
0.079629
0.079418
0.079526
0.079340
0.079462
0.079777
0.079852
0.079547
0.079435
0.079622
0.079848
0.079484
0.079377
0.079446
0.079755
0.079337
0.079537
0.079740
0.079495
0.079410
0.083324
0.079547
0.079802
0.079623
0.079470
0.079614
0.079376
0.079549
0.079293
0.079379
0.079604
0.079645
0.079423
0.079386
0.079574
0.079499
0.079478
0.079621
0.079462
0.079397
0.079557
0.079470
0.079510
0.079647
0.079612
0.079435
0.079455
0.079566
0.079419
0.079367
0.079577
0.079641
0.079471
0.079401
0.079497
0.079318
0.079496
0.079473
0.079568
0.080447
0.079392
0.079481
0.079474
0.079255
0.079665
0.079661
0.079573
0.079558
0.079654
0.079435
0.079662
0.079597
0.079694
0.079504
0.079431
0.079397
0.079369
0.079470
0.079488
0.079506
0.079465
0.079469
0.079463
0.079469
0.079530
0.079711
0.079599
0.079555
0.079438
0.079484
0.079627
0.079438
0.079888
0.079693
0.079548
0.079623
0.083422
0.079445
0.079693
0.079750
0.079383
0.079472
0.079456
0.079426
0.079585
0.079330
0.079541
0.079771
0.079456
0.079507
0.079467
0.079657
0.079488
0.079643
0.079789
0.079709
0.079506
0.079636
0.079500
0.079495
0.079550
0.079467
0.079643
0.079465
0.079568
0.079574
0.079628
0.079670
0.079409
0.079536
0.079505
0.079453
0.079552
0.079724
0.079501
0.079669
0.079631
0.079389
0.079533
0.079314
0.079343
0.079521
0.079593
0.079408
0.079612
0.079552
0.079659
0.079514
0.079805
0.079482
0.079656
0.079617
0.079357
0.079610
0.079441
0.079396
0.079526
0.079395
0.079458
0.079353
0.079616
0.079570
0.079351
0.079588
0.079451
0.079515
0.079652
0.079677
0.079430
0.079549
0.079592
0.079551
0.079618
0.079458
0.079713
0.083389
0.079590
0.079647
0.079500
0.079367
0.079427
0.079419
0.079411
0.079443
0.079626
0.079420
0.079486
0.079689
0.079443
0.079545
0.079563
0.079489
0.079515
0.079509
0.079400
0.079601
0.079474
0.079556
0.079770
0.079419
0.079468
0.079603
0.079539
0.079387
0.079458
0.079489
0.079540
0.079411
0.079650
0.079526
0.079391
0.079552
0.079412
0.079293
0.245121
0.079419
0.079321
0.079479
0.079409
0.079630
0.079676
0.079703
0.079430
0.079668
0.079552
0.079731
0.079675
0.079533
0.079357
0.079781
0.079538
0.079726
0.079760
0.079610
0.079433
0.079472
0.079410
0.079516
0.079561
0.079659
0.079817
0.079602
0.079468
0.079407
0.079459
0.079454
0.079395
0.079358
0.079470
0.079776
0.079747
0.079590
0.079617
0.079657
0.079364
0.079396
0.079443
0.079791
0.079419
0.079756
0.079296
0.079645
0.079650
0.079590
0.079430
0.079731
0.079545
0.079468
0.079603
0.079539
0.079759
0.079675
0.079334
0.079826
0.079708
0.079511
0.079572
0.079455
0.079426
0.079563
0.079645
0.079734
0.079684
0.079469
0.079463
0.079588
0.079468
0.079440
0.079564
0.079447
0.079366
0.084133
0.079778
0.079695
0.079482
0.079412
0.079625
0.079454
0.079516
0.079749
0.079766
0.079435
0.079531
0.079544
0.079579
0.079480
0.079600
0.079794
0.079658
0.079709
0.079559
0.079492
0.079576
0.079596
0.079801
0.079538
0.079637
0.079562
0.079615
0.079778
0.079650
0.079478
0.079630
0.079501
0.079769
0.079630
0.079468
0.079443
0.079656
0.079669
0.083573
0.079572
0.079631
0.079471
0.079634
0.079545
0.079586
0.079387
0.079401
0.079602
0.079718
0.079632
0.079627
0.079688
0.079487
0.079801
0.079612
0.079399
0.079637
0.079521
0.079794
0.079668
0.079450
0.079717
0.079783
0.079508
0.079641
0.079450
0.079670
0.079518
0.079478
0.079512
0.079665
0.079500
0.079730
0.079559
0.079500
0.079443
0.079398
0.242216
0.079584
0.079298
0.079287
0.079683
0.079427
0.079588
0.079503
0.079640
0.079712
0.079676
0.079617
0.079553
0.079498
0.079510
0.079808
0.079751
0.079623
0.079781
0.079728
0.079727
0.079670
0.079710
0.079594
0.079542
0.079622
0.079529
0.079536
0.079732
0.079563
0.079585
0.079692
0.079515
0.080007
0.079492
0.079557
0.079701
0.079638
0.084209
0.079852
0.079491
0.079418
0.079313
0.079507
0.079289
0.079565
0.079555
0.079468
0.079479
0.079584
0.079323
0.079803
0.079548
0.079573
0.079484
0.079620
0.079598
0.079634
0.079477
0.079524
0.079501
0.079485
0.079680
0.079941
0.079453
0.079554
0.079674
0.079588
0.079458
0.079773
0.079561
0.079455
0.079411
0.079692
0.079765
0.079646
0.079624
0.083671
0.079506
0.079379
0.079474
0.079895
0.079721
0.079413
0.079678
