5.407103
5.293053
5.297009
5.289745
5.413449
5.279698
5.274935
5.271134
5.411280
5.279655
5.278690
5.290996
5.291491
5.277686
5.293578
5.290937
5.370728
5.274181
5.273127
5.280103
5.321010
5.434377
5.293816
5.265480
5.291926
5.278404
5.285004
5.283955
5.413733
5.307598
5.282220
5.291649
5.335459
5.268962
5.284052
5.328371
5.397820
5.277240
5.273613
5.281158
5.308007
5.269407
5.271885
5.281127
5.313072
5.263800
5.281232
5.270656
5.355424
5.287279
5.279729
5.268990
5.370236
5.284960
5.270973
5.275688
5.383330
5.280848
5.274703
5.281404
5.389703
5.286716
5.281569
5.287163
5.346993
5.264322
5.306144
5.287623
5.360676
5.266380
5.266826
5.288014
5.407210
5.270739
6.101669
5.280274
5.376518
5.288148
5.270681
5.271437
5.393036
5.277992
5.277819
5.278692
5.324012
5.260811
5.282977
5.276572
5.316477
5.279182
5.272503
5.272119
5.313413
5.279416
5.281894
5.286734
5.371098
5.310864
5.268770
5.260724
5.399803
5.294126
5.271563
5.275645
5.383889
5.283241
5.292125
5.281367
5.350591
5.268624
5.283774
5.288413
5.395009
5.271760
5.269626
5.270634
5.395450
5.280604
5.255281
5.268229
5.362035
5.281791
5.290391
5.279114
5.337323
5.277928
5.275104
5.276615
5.381185
5.283290
5.263848
5.274326
5.310960
5.293407
5.263366
5.284342
5.285260
5.282305
5.256892
5.271519
5.400827
5.260349
5.281812
5.265135
5.330076
5.294908
5.273971
5.282176
5.289987
5.285021
5.269785
5.278108
5.384775
5.279664
5.278020
5.265188
5.329521
5.263137
5.272394
5.259723
5.413114
5.266647
5.256870
5.287677
5.291108
5.269913
5.278731
5.279370
5.339562
5.274026
5.266110
5.268482
5.302350
5.289868
5.283881
5.279495
5.288672
5.290337
5.268129
5.266787
5.399503
5.265335
5.420271
5.285492
5.281766
5.286049
5.273811
5.263782
5.356341
5.283209
5.272640
5.269072
5.296506
5.257075
5.278949
5.272600
5.386387
5.284663
5.275312
5.278081
5.362657
5.282448
5.259607
5.277416
5.407405
5.275126
5.278965
5.281153
5.342578
5.288309
5.283394
5.286075
5.309482
5.306501
5.259885
5.293010
5.358644
5.267388
5.243356
5.278423
5.373983
5.278116
5.281526
5.290565
5.352635
5.295598
5.293429
5.278597
5.346020
5.278122
5.281328
5.272766
5.373273
5.279433
5.270785
5.276567
5.314500
5.280251
5.269838
5.291526
5.407466
5.268700
5.279748
5.277129
5.355550
5.267683
5.326160
5.286035
5.408862
5.284158
5.270254
5.273860
5.353782
5.283183
5.288556
5.289441
5.408505
5.285268
5.273903
5.316062
5.370874
5.293888
5.281059
5.283794
5.369270
5.266215
5.282811
5.281792
5.293873
5.280964
5.285759
5.277365
5.413317
5.288613
5.278050
5.274489
5.389486
5.333873
5.284367
5.275191
5.339660
5.270044
5.267662
5.269614
5.367225
5.282462
5.269062
5.267020
5.371639
5.273608
5.310603
5.275106
5.380932
5.286831
5.287025
5.257367
5.339152
5.287788
5.263665
5.270176
5.292211
5.289385
5.280698
5.259365
5.385505
5.291379
5.267298
5.285546
5.299454
5.278660
5.260050
5.286371
5.288689
5.275388
5.270375
5.286745
5.291114
5.273876
5.263298
5.282339
5.303947
5.289636
5.268680
5.279232
5.307144
5.280118
5.268778
5.279167
5.339181
5.288467
5.273212
5.261080
5.278384
5.273780
5.295690
5.268019
5.335816
5.281261
5.273503
5.286679
5.309478
5.282516
5.270870
5.270271
5.342568
5.278002
5.286723
5.259854
5.360445
5.280248
5.269042
5.267795
5.327394
5.273740
5.273060
5.272996
5.335984
5.276293
5.290951
5.277440
5.373591
5.277249
5.278765
5.287289
5.402534
5.281399
5.266603
5.267616
5.370734
5.267681
5.266900
5.284089
5.281318
5.293175
5.269890
5.290411
5.308105
5.282282
5.289246
5.270798
5.311507
5.260666
5.284338
5.258781
5.393287
5.267597
5.284536
5.277549
5.410171
5.273340
5.272643
5.288766
5.349778
5.272562
5.276924
5.283208
5.305004
5.277734
5.269560
5.286142
5.341803
5.287322
5.289385
5.274701
5.258036
5.290824
5.264929
5.285489
5.368599
5.271252
5.296697
5.282921
5.362377
5.269305
5.266984
5.278028
5.289003
5.282773
5.283210
5.265901
5.363218
5.288896
5.288607
5.278887
5.380172
5.286727
5.278351
5.288765
5.391994
5.260448
5.254780
5.276612
5.305924
5.281360
5.295534
5.266020
5.347191
5.276469
5.281966
5.286686
5.338677
5.290233
5.279849
5.278032
5.396705
5.291189
5.291933
5.283049
5.336268
5.270966
5.266208
5.288441
5.352359
5.287155
5.281885
5.282337
6.194725
5.286828
5.286877
5.295166
5.322914
5.264057
5.277435
5.276657
5.301304
5.290910
5.270028
5.270844
5.389538
5.285869
5.289216
5.300778
5.416543
5.283854
5.288685
5.287925
5.391630
5.303979
5.290337
5.274920
5.433570
5.280310
5.280015
5.294657
5.303199
5.293567
5.308638
5.281333
5.295624
5.268142
5.279223
5.284969
5.380065
5.292540
5.284701
5.280729
5.301411
5.293567
5.280792
5.271906
5.332030
5.270793
5.285247
5.286463
5.334964
5.271983
5.283413
5.294976
5.337698
5.277761
5.418138
5.299879
5.300517
5.273507
5.260466
5.268307
5.350369
5.275877
5.285210
5.277513
5.417572
5.268111
5.274746
5.277156
5.365850
5.276358
5.271823
5.269639
5.361000
5.278312
5.275983
5.277313
5.389828
5.258534
5.261594
5.275296
5.313665
5.279616
5.288189
5.258576
5.382629
5.433029
5.302306
5.282825
5.289152
5.265051
5.275912
5.272305
5.284345
5.297550
5.278568
5.267403
5.275580
5.278377
5.294466
5.273730
5.319935
5.249822
5.273178
5.289893
5.413109
5.283717
5.263573
5.274017
5.319505
5.260315
5.275554
5.300101
5.368803
5.282502
5.295801
5.270752
5.317516
5.296153
5.277248
5.323400
5.294380
5.264612
5.273242
5.281936
5.378951
5.262890
5.280881
5.273941
5.324699
5.288014
5.269927
5.275983
5.326738
5.284542
5.271106
5.282786
5.396795
5.277867
5.281309
5.287500
5.289090
5.291275
5.266099
5.291655
5.308070
5.281083
5.268779
5.295494
5.378625
5.279980
5.335568
5.287680
5.351610
5.265576
5.278299
5.279488
5.413450
5.293951
5.290734
5.277803
5.345876
6.110644
5.277782
5.276334
5.286593
5.278542
5.277705
5.275000
5.311743
5.303705
5.283665
5.285061
5.410691
5.280243
5.279351
5.271247
5.308026
5.280346
5.286701
5.263074
5.273733
5.297365
5.310098
5.280689
5.342654
5.288226
5.275890
5.285400
5.347656
5.280501
5.272609
5.281892
5.279373
5.280380
5.285403
5.276296
5.377158
5.278734
5.268361
5.275017
5.318366
5.286654
5.272587
5.280001
5.263256
5.256404
5.271826
5.275167
5.367972
5.274129
5.271235
5.274803
5.408795
5.294638
5.272420
5.414891
5.340788
5.288584
5.280892
5.280965
5.355129
5.280052
5.288765
5.271485
5.423572
5.269963
5.289985
5.274079
5.278969
5.275157
5.278448
5.282695
5.357207
5.285582
5.292290
5.282619
5.350328
5.303052
5.268071
5.265945
5.300642
5.285903
5.265667
5.283974
5.377905
5.296375
5.268941
5.266185
5.328867
5.273952
5.270206
5.290050
5.393350
5.262825
5.251320
5.270290
5.369933
5.275475
5.272869
5.282102
5.292164
5.287436
5.260967
5.268145
5.329654
5.285452
5.291095
5.283776
5.292900
5.280631
5.273939
5.281355
5.390121
5.273081
5.273597
5.273186
5.289244
5.283243
5.285511
5.272996
5.367671
5.259404
5.271426
5.266189
5.322069
5.283292
5.257463
5.275621
5.289478
5.299803
5.267799
5.276941
5.359685
5.285093
5.281754
5.265062
5.335114
5.279890
5.283015
5.289922
5.326467
5.256475
5.284453
5.255480
5.331736
5.285947
5.280536
5.285440
5.357686
5.283698
5.282172
5.261534
5.281842
5.290511
5.272707
5.291668
5.356559
5.270904
5.283309
5.266704
5.314995
5.288697
5.274139
5.286006
5.407048
5.282273
5.278563
5.265822
5.361379
5.289326
5.297555
5.291702
5.335430
5.306931
5.274249
5.293634
5.352516
5.274265
5.299072
5.286509
5.343060
5.285174
5.287898
5.284630
5.296256
5.275121
5.266451
5.284523
5.248499
5.265072
5.281622
5.266044
5.375372
5.273925
5.262610
5.283420
5.390239
5.268333
5.277701
5.272652
5.367961
5.283291
5.289760
5.275302
5.378807
5.281605
5.273986
5.276142
5.313084
5.296857
5.269197
5.275773
5.375287
5.288337
5.267412
5.273041
5.374169
5.280043
5.289150
5.275934
5.349957
5.275394
6.071195
5.269725
5.385222
5.276288
5.275648
5.290824
5.406154
5.282450
5.260781
5.263298
5.400472
5.286922
5.255211
5.277557
5.298209
5.282782
5.284105
5.290720
5.311523
5.290425
5.280731
5.266776
5.323852
5.293948
5.273457
5.285878
5.294789
5.283133
5.275726
5.282497
5.259148
5.282090
5.265550
5.277482
5.360382
5.283972
5.277528
5.257358
5.325282
5.269466
5.256611
5.260717
5.364842
5.285216
5.278123
5.266722
5.376022
5.272995
5.276875
5.275051
5.397670
5.280950
5.273517
5.273527
5.351734
5.280081
5.299831
5.277506
5.370941
5.293589
5.297491
5.290011
5.330674
5.265347
5.283136
5.274071
5.317759
5.281703
5.289497
5.256188
5.316316
5.278809
5.285664
5.278234
5.330167
5.281600
5.290710
5.283133
5.299443
5.276978
5.270584
5.278094
5.321662
5.288636
5.269395
5.288413
5.293999
5.273506
5.270952
5.286466
5.352870
5.288295
5.274612
5.277017
5.321517
5.278563
5.269300
5.272693
5.295048
5.269801
5.251244
5.281624
5.310139
5.296141
5.279087
5.281967
5.378697
5.283364
5.282704
5.287884
5.378170
5.297443
5.293883
5.278644
5.370205
5.264961
5.281746
5.267662
5.290462
5.284190
5.281001
5.273987
5.321112
5.280336
5.284636
5.261708
5.282912
5.274223
5.272275
5.256059
5.361298
5.266810
5.275257
5.256727
5.313879
5.266556
5.291665
5.282578
5.389022
5.278449
5.280530
5.274986
5.312881
5.260507
5.279507
5.269862
5.284185
5.281440
5.268778
5.278088
5.290475
5.271218
5.256288
5.280113
5.305078
5.270282
5.276443
5.280468
5.383447
5.266429
5.278025
6.124782
