1.216737
1.235641
1.226026
1.217511
1.216206
1.352409
1.219440
1.222304
1.220898
1.217374
1.216867
1.220870
1.217457
1.217072
1.226707
1.218955
1.220672
1.219255
1.326791
1.218906
1.223459
1.228957
1.223680
1.226795
1.232275
1.223646
1.222377
1.229691
1.224330
1.223027
1.228102
1.222661
1.222927
1.222915
1.228669
1.222680
1.224896
1.228685
1.227209
1.225187
1.237611
1.225074
1.226555
1.232120
1.225806
1.226417
1.232242
1.222731
1.223416
1.222427
1.232122
1.222684
1.224203
1.253196
1.224328
1.223416
1.229647
1.231321
1.226126
1.229752
1.226188
1.224392
1.224830
1.211125
1.206663
1.203786
1.209989
1.205443
1.206742
1.210093
1.206327
1.204958
1.217699
1.205501
1.210552
1.205542
1.271337
1.205281
1.206204
1.209881
1.204587
1.205909
1.210059
1.206894
1.206258
1.210003
1.208169
1.206180
1.207159
1.211592
1.213587
1.209995
1.213657
1.208230
1.209075
1.212173
1.208698
1.208682
1.209444
1.213875
1.210667
1.209645
1.215356
1.210564
1.210403
1.215842
1.212524
1.217279
1.220516
1.211870
1.212355
1.212528
1.216610
1.211075
1.213170
1.217081
1.214076
1.213905
1.218057
1.213166
1.214473
1.219243
1.215851
1.216964
1.221021
1.222426
1.215065
1.215717
1.220168
1.216417
1.216376
1.221041
1.219261
1.216469
1.225158
1.217212
1.206246
1.200900
1.248925
1.205282
1.210246
1.209097
1.202646
1.202341
1.210547
1.202119
1.202525
1.206514
1.205018
1.202213
1.203289
1.318977
1.206744
1.203605
1.207790
1.204547
1.204943
1.213073
1.205025
1.203667
1.209293
1.204459
1.205754
1.204715
1.212037
1.206603
1.206667
1.209369
1.208246
1.206320
1.214877
1.206531
1.206664
1.232995
1.214459
1.208044
1.207544
1.212505
1.208464
1.209193
1.217767
1.211614
1.209562
1.213987
1.210059
1.209413
1.210108
1.219770
1.211734
1.211203
1.215125
1.216069
1.212173
1.215547
1.213082
1.212133
1.217572
1.213475
1.213481
1.212709
1.219096
1.213694
1.212780
1.218136
1.214418
1.213611
1.221793
1.220305
1.215220
1.264759
1.217122
1.215919
1.216092
1.208444
1.203483
1.205180
1.209377
1.202446
1.203741
1.207716
1.202278
1.200553
1.210647
1.203372
1.208140
1.202042
1.269762
1.204087
1.203650
1.206879
1.203493
1.203479
1.208566
1.204431
1.205069
1.207026
1.206093
1.204621
1.205364
1.207438
1.206783
1.210712
1.210715
1.205613
1.206637
1.209856
1.207619
1.206946
1.207583
1.211857
1.208014
1.211113
1.213294
1.208649
1.209470
1.211728
1.210755
1.208152
1.233374
1.209865
1.210675
1.209273
1.245509
1.210647
1.210664
1.215173
1.211741
1.210621
1.215940
1.211258
1.211984
1.217179
1.214155
1.212680
1.221549
1.218167
1.213985
1.213860
1.218446
1.213993
1.217895
1.219210
1.215623
1.217342
1.219546
1.215434
1.217331
1.215281
1.223420
1.215583
1.209054
1.212991
1.205218
1.206673
1.209867
1.204673
1.203234
1.206187
1.203775
1.203767
1.202419
1.207815
1.202682
1.204673
1.207079
1.203917
1.204671
1.209498
1.211156
1.205868
1.210412
1.207302
1.205765
1.206706
1.211239
1.210310
1.208517
1.211198
1.208333
1.207575
1.213913
1.209117
1.209446
1.212976
1.220505
1.209711
1.209220
1.213844
1.210356
1.210127
1.214047
1.211132
1.210069
1.214969
1.211835
1.213163
1.211990
1.216535
1.211955
1.214229
1.219514
1.218013
1.214270
1.219000
1.214498
1.214244
1.221573
1.217323
1.214283
1.215121
1.280822
1.214630
1.215041
1.221070
1.213967
1.213323
1.218787
1.216119
1.219736
1.223288
1.216001
1.216359
1.215543
1.220990
1.215452
1.217071
1.220728
1.207547
1.203300
1.210202
1.206064
1.204110
1.212268
1.205364
1.204742
1.208975
1.373765
1.204474
1.203757
1.210330
1.205036
1.203562
1.209735
1.203643
1.204065
1.207680
1.205500
1.205457
1.204895
1.210110
1.206290
1.211424
1.210271
1.206685
1.206396
1.213137
1.207657
1.206951
1.211865
1.207743
1.207418
1.206996
1.211507
1.206143
1.207326
1.214949
1.208209
1.208667
1.268812
1.209686
1.209376
1.216256
1.210645
1.209657
1.210485
1.246647
1.215199
1.214917
1.223226
1.215135
1.215093
1.276587
1.213673
1.213079
1.217456
1.218459
1.212068
1.212231
1.221612
1.213370
1.213598
1.242318
1.215490
1.214547
1.218340
1.213885
1.214375
1.236622
1.215788
1.215425
1.216413
1.277644
1.219958
1.220445
1.214110
1.206652
1.203923
1.210938
1.208578
1.206538
1.220200
1.205662
1.204233
1.204729
1.208981
1.205639
1.206984
1.211317
1.211188
1.205526
1.210311
1.207739
1.207450
1.210226
1.208255
1.210050
1.208181
1.214018
1.209434
1.207536
1.212928
1.210687
1.208064
1.213761
1.210431
1.217276
1.213728
1.211980
1.209748
1.210805
1.214024
1.213132
1.211801
1.214212
1.213367
1.212742
1.215784
1.212687
1.212800
1.212824
1.219030
1.212593
1.219794
1.222113
1.214700
1.213909
1.236564
1.215391
1.213948
1.220679
1.215466
1.216365
1.219574
1.218147
1.216290
1.218170
1.220099
1.221097
1.222116
1.221134
1.217484
1.218571
1.221882
1.219797
1.217814
1.229073
1.218895
1.219273
1.218626
1.308942
1.221958
1.209549
1.210507
1.206639
1.208168
1.217516
1.209381
1.204966
1.209666
1.205824
1.206015
1.204780
1.211092
1.207415
1.205608
1.208586
1.206993
1.203118
1.211586
1.205693
1.204175
1.204375
1.215573
1.203428
1.206906
1.213272
1.205777
1.205359
1.247838
1.207077
1.205803
1.210716
1.207297
1.206632
1.206203
1.211195
1.206651
1.207605
1.215836
1.208154
1.209118
1.212389
1.208505
1.206752
1.213924
1.210002
1.210310
1.209610
1.218197
1.210623
1.209842
1.295880
1.212929
1.210851
1.219514
1.217452
1.211475
1.215323
1.212378
1.211771
1.212312
1.214642
1.212395
1.212010
1.254532
1.212408
1.211176
1.215363
1.213232
1.211650
1.222518
1.214248
1.220756
1.213067
1.229185
1.215029
1.215986
1.218209
1.205870
1.202638
1.206787
1.204273
1.204018
1.211078
1.202563
1.200773
1.200839
1.206328
1.203818
1.213633
1.207854
1.203410
1.203472
1.210202
1.204539
1.203577
1.204909
1.209639
1.205381
1.204075
1.208535
1.205873
1.205174
1.208042
1.208710
1.210513
1.211810
1.207059
1.207294
1.205418
1.211075
1.207340
1.207641
1.211706
1.209000
1.209034
1.212230
1.209463
1.208177
1.212218
1.210175
1.209840
1.215392
1.213698
1.211434
1.210089
1.217952
1.211733
1.210036
1.218916
1.211897
1.211362
1.244652
1.212431
1.212187
1.211287
1.215993
1.212210
1.212971
1.221633
1.214852
1.214332
1.220969
1.214845
1.218433
1.220299
1.216691
1.216749
1.214942
1.316959
1.216878
1.214397
1.219665
1.214865
1.214567
1.212122
1.203851
1.200207
1.207568
1.202357
1.203978
1.203602
1.206491
1.201938
1.202015
1.209815
1.204450
1.202361
1.236720
1.202431
1.203595
1.203555
1.215104
1.203263
1.204405
1.208895
1.206438
1.204199
1.209042
1.208284
1.206394
1.213051
1.207784
1.205806
1.207936
1.245365
1.208396
1.205574
1.213244
1.213501
1.207687
1.238878
1.211143
1.206611
1.212977
1.208268
1.210856
1.206514
1.214725
1.209117
1.210343
1.211961
1.210735
1.209467
1.215409
1.209408
1.215659
1.225261
1.216099
1.213527
1.214942
1.237633
1.218441
1.216117
1.220722
1.217393
1.215822
1.222335
1.217158
1.215894
1.252958
1.218531
1.222889
1.217403
1.229976
1.217786
1.218698
1.221636
1.218011
1.218394
1.223345
1.219382
1.207397
1.214158
1.205779
1.207149
1.206691
1.210099
1.207133
1.209400
1.211829
1.207329
1.204693
1.210927
1.206504
1.205751
1.211748
1.207060
1.206905
1.207317
1.209055
1.208361
1.206608
1.212923
1.207840
1.208443
1.217259
1.208150
1.209211
1.208355
1.210906
1.209736
1.209567
1.212261
1.205463
1.207091
1.210414
1.207980
1.209751
1.212509
1.207959
1.208179
1.216050
1.213902
1.207897
1.211305
1.215541
1.211654
1.208791
1.231806
1.212353
1.209949
1.214161
1.210848
1.210286
1.210817
1.214863
1.213058
1.211362
1.222701
1.213054
1.211481
1.215946
1.213631
1.211873
1.220939
1.214435
1.215833
1.212944
1.315012
1.214336
1.214982
1.217449
1.215775
1.217612
1.219654
1.222276
1.217751
1.219611
1.208058
1.203027
1.203686
1.227681
1.208844
1.207879
1.210096
1.203410
1.203045
1.239866
1.204191
1.203650
1.207329
1.204650
1.209509
1.203940
1.206637
1.205270
1.205726
1.206562
1.206469
1.206143
1.211222
1.206024
1.205414
1.209874
1.206303
1.204780
1.206407
1.213711
1.221237
1.206614
1.209432
1.206075
1.206002
1.210674
1.206818
1.208239
1.208428
1.212465
1.207734
1.207359
1.216277
1.209231
1.209819
1.247272
1.210999
1.214182
1.216314
1.210432
1.209802
1.210305
1.215646
1.211588
1.211064
1.215309
1.211448
1.211287
1.214843
1.212690
1.212355
1.220045
1.213929
1.215078
1.218132
1.281403
1.213091
1.213463
1.217857
1.214896
1.214267
1.218754
1.215071
1.213628
1.219999
1.216174
1.215230
1.205274
1.208048
1.203587
1.204955
1.214199
1.202878
1.203019
1.205435
1.203154
1.200987
1.206708
1.202360
1.203637
1.203052
1.209814
1.203795
1.202969
1.209148
1.205052
1.204108
1.214660
1.205421
1.205227
1.208233
1.209729
1.204169
1.205572
1.209823
1.206786
1.206050
1.210123
1.206806
1.207196
1.210149
1.208177
1.205907
1.209054
1.217545
1.208190
1.208089
1.212053
1.210725
1.208433
1.212932
1.213743
1.211159
1.216167
1.211561
1.212271
1.211888
1.217922
1.212264
1.211849
1.216817
1.218761
1.213355
1.217807
1.215358
1.215502
1.225441
1.215005
1.215774
1.213418
1.251703
1.215859
1.214779
1.217720
1.214396
1.214379
1.219341
1.222001
1.216286
1.220520
1.217529
1.216478
1.214653
1.219656
1.205978
1.203249
1.207726
1.205559
1.209205
1.240580
1.204826
1.205700
1.333885
1.209312
1.210078
1.205094
1.207972
1.204171
1.203806
1.208206
1.203825
