6.972474
6.982713
6.976314
6.987154
6.990802
6.991581
6.992041
6.985581
6.990234
6.998487
6.989470
6.974365
6.986922
6.987138
6.984802
6.982897
6.990246
6.987260
6.989571
6.988400
6.969575
6.987899
6.987141
6.979979
6.989029
6.989187
6.989624
6.988216
6.982545
6.989673
6.990377
6.986239
6.984463
6.983244
6.988378
6.985591
6.977806
6.990473
6.981851
6.974337
6.975762
6.975160
6.990441
6.984674
6.988879
6.977654
6.988428
6.990738
6.985892
6.984604
6.991012
6.982469
6.986971
6.982296
6.991841
6.990001
6.985402
6.990155
6.983306
6.984792
6.986484
6.989026
6.990520
6.988113
6.970175
6.967993
6.972787
6.986358
6.987049
6.990719
6.991297
6.989135
6.986009
6.975017
6.985895
6.965282
6.986634
6.970534
6.982190
6.986503
6.984773
6.969966
7.107616
6.986770
6.975792
6.990914
6.990990
6.988475
6.978376
6.977909
6.987908
6.989442
6.984897
6.990328
6.987810
6.989785
6.987888
6.978080
6.973770
6.972884
6.987683
6.976499
6.990451
6.990677
6.976535
6.978482
6.989513
6.980634
6.988261
6.986420
6.988256
6.990383
6.969254
6.986449
6.984477
6.989946
6.981031
6.986389
6.986970
6.987238
6.986088
6.981649
6.984344
6.987710
6.986311
6.991299
6.991498
6.977841
6.986115
6.978946
6.975239
6.989607
6.982933
6.985925
6.958735
6.990743
6.985844
6.994678
6.985769
6.988742
6.986224
6.990697
6.990978
6.982682
6.986633
6.973824
6.988994
6.987799
6.986514
6.985601
6.987996
6.982811
6.981149
6.968292
6.990801
6.974298
6.976452
6.981154
6.989936
6.987322
6.985938
6.964149
6.983802
6.989851
6.986531
6.978498
6.985900
6.986966
6.985232
6.996471
6.982174
6.984309
6.986577
6.987626
6.991431
6.988157
6.986022
6.990494
6.981841
6.983767
6.986600
6.985472
6.990117
6.994274
6.989885
6.985964
6.981520
6.971397
6.990689
6.988206
6.987797
6.990993
6.978498
6.985824
6.982276
6.991041
6.995233
6.982624
6.971009
6.967810
6.980418
6.991997
6.987266
6.984630
6.989220
6.985109
6.990562
6.989668
6.975565
6.985463
6.989133
6.990958
6.969708
6.986520
6.978458
6.988060
6.992501
6.985775
6.987528
6.989298
6.979163
6.973900
6.986250
6.976005
7.017020
6.976389
6.983047
6.986062
6.987484
6.985328
6.980388
6.987387
6.989864
6.981112
6.990271
6.989311
6.985968
6.986643
6.975812
6.991252
6.975459
6.986175
6.990342
6.989531
6.988035
6.976583
6.983815
6.988706
6.989074
6.985973
6.990165
6.983774
6.988278
6.986853
6.989374
6.985057
6.990385
6.985760
6.991684
6.989023
6.985672
6.983973
6.990867
6.986043
6.986668
6.985802
6.981601
6.989926
6.987625
6.979907
6.987198
6.961682
6.986738
6.986838
6.983905
6.984184
6.981469
6.987234
6.990611
6.992003
6.990674
6.984011
6.985193
6.995882
6.980472
6.984532
6.991380
6.985189
6.987079
6.982153
6.989997
6.977804
6.990561
6.985688
6.983432
6.991219
6.981760
6.974062
6.987371
6.987517
6.976641
6.980849
6.981304
6.987264
6.990818
6.976204
6.983740
6.982392
6.987304
6.981727
6.986278
6.989062
6.987717
6.991260
6.985762
6.991113
6.989593
6.997601
6.983712
6.983064
6.984218
6.969113
6.986495
6.988121
6.990214
6.987795
6.977251
6.983144
6.991330
6.990228
6.976700
6.982044
6.981706
6.990640
6.975587
6.987356
6.987655
6.989517
6.986234
6.989209
6.989758
6.988929
6.988386
6.987616
6.992325
6.989279
6.985408
6.986054
6.982052
6.986502
6.991260
6.989139
7.005778
6.988454
6.984872
6.990264
6.988345
6.991241
6.984009
6.980697
6.989060
6.989410
6.984022
6.980497
6.985149
7.093173
6.984208
6.989553
6.990293
6.989021
6.984852
6.984291
6.986122
6.989545
6.986389
6.975924
6.986330
6.978612
6.979957
6.988686
6.971749
6.990880
6.992777
6.990550
6.990965
6.989011
6.985070
6.990762
6.984438
6.989362
6.982590
6.990103
6.992581
6.989719
6.986520
6.969986
6.988208
6.970786
6.975075
6.982186
6.990093
6.990278
6.987640
6.990063
6.988592
6.977010
6.985653
6.967541
6.985327
6.984442
6.991176
6.979520
6.987381
6.989968
6.992134
6.993446
6.978066
6.988475
6.984406
6.984701
6.982595
6.980068
6.989266
6.994287
6.989544
6.989757
6.987956
6.980045
6.980837
6.996180
6.985404
6.986468
6.997040
6.973950
6.988263
6.991011
6.990182
6.987046
6.982178
6.993691
6.995831
6.991270
6.978643
6.985940
6.985437
6.990157
6.988046
6.986627
6.968518
6.983904
6.988074
6.984301
6.997466
6.982778
6.976694
6.985380
6.982779
6.978570
6.998060
6.984336
6.985258
6.985563
6.998511
6.975431
6.986960
6.985067
6.987944
6.985014
6.987349
6.970660
6.991770
6.982302
6.979739
6.996029
6.990691
6.975726
6.990752
6.991630
6.984865
6.986175
6.983301
6.989860
6.998284
6.985166
6.982554
6.988487
6.990847
6.985243
6.990079
6.990023
6.998075
6.985026
6.976226
6.988852
6.994373
6.977001
6.984260
6.989836
6.989573
6.991234
6.984538
6.984224
6.987428
6.995512
6.998620
6.987579
6.990855
7.010238
6.972003
6.962821
6.988868
6.984289
6.979748
6.991944
6.988820
6.985194
6.984776
6.975541
6.988841
6.985310
6.986441
6.989403
6.989960
6.985180
6.986836
6.984545
6.986113
6.987618
6.986302
6.993432
6.980362
6.990477
6.993487
7.004615
6.987830
6.988867
6.979122
6.985493
6.990661
6.988806
6.990921
6.986910
6.975514
6.989184
6.983128
6.984433
6.997156
6.988919
6.986957
6.982352
6.992640
6.986868
6.986514
6.982952
6.988660
6.989382
6.986523
6.981702
6.988261
6.983645
6.985465
6.988342
6.995914
6.982927
6.976842
6.981241
7.001430
6.985061
6.984788
6.979669
6.986889
6.989719
6.972384
6.989854
6.983549
6.993343
6.983300
6.984294
6.989832
6.989189
6.991918
6.958487
6.982828
6.976470
6.996253
6.988967
6.990030
6.990168
6.976625
6.979564
6.987013
6.984234
6.985724
6.977560
6.990507
6.990072
6.983418
6.999055
6.975844
6.987847
6.974661
6.996657
6.990485
6.976932
6.972644
6.988475
6.980229
6.987548
6.992381
6.976847
6.989117
6.989172
6.984245
6.976702
6.983567
6.985822
6.986348
6.989787
6.989003
6.986518
6.981585
6.969762
6.990067
6.985083
6.986884
6.986312
6.988503
6.990695
6.985255
6.989000
6.988655
6.986367
6.982356
6.995955
6.990776
6.999294
6.992737
6.989320
6.988851
6.990231
6.978336
6.985757
6.982013
6.989728
6.984337
6.984981
6.988400
6.976115
6.987134
6.991368
6.981663
6.996462
6.979456
7.100674
6.968041
6.986030
6.986577
6.987331
6.972356
6.987192
7.000611
6.985206
6.986680
6.987504
6.994567
6.985340
6.991443
6.980173
6.989513
6.985292
6.988258
6.994617
6.995979
6.979480
6.987185
6.987399
6.992526
6.984433
6.990397
6.984979
6.982734
6.977074
6.990314
6.974843
6.989734
6.983444
6.979192
6.987397
6.994047
6.977374
6.978230
6.977027
6.988673
6.983738
6.990838
6.987180
6.990668
6.982634
6.995715
6.984364
6.990886
6.992576
6.988977
6.993445
6.996091
6.990416
6.986645
6.987172
6.990040
6.992842
6.994382
6.989800
6.984591
6.996639
6.997783
6.990415
6.989440
6.990853
6.984454
6.986866
6.987206
6.986297
6.994547
6.988512
6.995321
6.994915
6.972284
6.995303
6.984036
6.979982
6.998682
6.981905
6.994481
6.986776
6.977718
6.997858
6.990500
6.991397
6.986350
6.988104
7.002461
6.987551
6.984875
6.991093
6.971282
6.987507
6.986660
6.994347
6.989643
6.995414
6.990641
6.982144
6.989648
6.989072
6.982600
6.986665
6.998491
6.997073
6.986020
6.981809
6.989071
6.983815
6.987044
6.986215
7.000160
6.989859
6.984417
6.990953
6.981741
6.976023
6.984905
6.995311
6.989079
6.997253
6.989705
6.987435
6.995291
6.973608
6.982093
6.998825
6.992105
6.971885
6.988830
6.988079
6.982075
6.988736
6.991843
6.994666
6.990351
6.971659
6.982793
6.988009
6.985516
6.989219
6.989567
7.013460
6.986005
6.988131
6.985675
6.984131
6.987426
6.974306
6.977955
6.987202
6.996721
6.972894
6.984553
6.988172
6.993537
6.989092
6.986588
6.987594
6.998889
6.988719
6.990101
6.984002
6.989360
6.978346
6.986842
6.973746
6.983928
6.978029
6.985233
6.990706
6.990419
6.965044
6.982046
6.977795
6.988718
6.990496
6.985142
6.986494
6.988951
6.990146
6.975997
6.988831
6.995561
6.997075
6.990750
6.983447
6.991915
6.989218
6.978607
6.985922
7.000177
6.998644
6.992936
6.984713
6.986224
6.976422
6.980235
6.987114
6.997613
6.990425
6.987039
6.985271
6.986984
6.986842
6.988820
6.986751
6.991389
6.981810
6.990022
6.989756
6.979000
6.979182
6.987776
6.992496
6.990343
6.998196
6.983379
6.981029
6.983018
6.988314
6.988180
6.986105
6.987131
6.983012
6.989517
6.984095
6.973798
6.998519
6.999585
6.975726
6.974898
6.995059
6.988630
6.986802
6.994256
6.981949
6.988192
6.986341
6.986680
6.989709
6.989020
6.975216
6.982726
6.978528
6.990001
6.985397
6.989707
6.990556
6.991621
6.985286
6.986471
6.992440
6.985439
6.984902
6.986013
6.997321
6.982865
6.970712
6.984305
6.991350
6.986284
6.986720
6.987268
6.983350
6.988487
6.983516
6.989678
6.987218
6.982313
6.973291
6.988056
6.980999
6.999252
6.977294
6.981975
6.975255
6.978675
6.983978
6.991209
6.989904
6.993015
6.984157
7.114277
6.971993
6.989543
6.986757
6.992698
6.980201
6.974741
6.991828
6.975721
6.987766
6.990438
6.997333
6.974780
6.986404
6.986100
6.989999
6.985506
6.985013
6.993773
6.978121
6.975444
6.968475
6.990108
6.987938
6.984406
6.989383
6.989249
6.988750
6.981805
6.987785
6.990364
6.988649
6.985306
6.988236
6.986540
6.995078
6.987674
6.974123
6.986418
6.989278
6.985767
6.988811
6.982710
6.989866
6.987607
6.996725
6.991902
6.989640
6.983098
6.988996
6.994258
6.984980
6.982010
6.989196
6.985041
6.980681
6.986760
6.986979
6.988991
6.977879
6.985405
6.979767
6.987369
6.988656
