502.720301
502.171593
502.542038
501.257038
501.295954
502.540284
502.442786
502.069696
501.347768
500.912158
501.725183
501.897423
501.831377
500.971678
501.708192
500.897058
502.452299
501.941841
500.928765
500.513557
501.432781
501.652950
502.474535
502.272016
500.874502
500.478544
502.298548
501.377037
501.751151
500.835089
500.588626
502.450454
502.159058
501.468126
501.027925
501.052357
501.070880
502.065693
501.707803
500.236150
501.278904
500.849930
502.594916
502.308455
501.898713
501.512993
501.069195
502.568038
502.043953
501.615126
501.791190
501.094990
502.970111
501.826025
502.317871
501.521659
501.337873
501.214630
502.762213
502.415478
500.983354
500.919601
501.345912
502.319181
502.552821
501.807754
501.435176
500.676953
502.354571
501.783293
502.080126
500.056731
501.217309
502.036002
502.241530
501.949303
501.502962
501.007442
501.250579
501.918158
501.830472
500.638586
500.935808
500.314783
501.870860
501.854024
501.900570
500.554627
501.118707
503.353876
502.021689
501.911949
500.639105
500.794822
503.770017
501.668080
501.537383
500.462433
501.299590
501.467660
501.738898
501.234203
501.908663
500.495596
501.420046
502.282234
502.089555
501.641323
501.553401
501.482017
502.691707
501.805262
501.717066
500.550980
500.935405
502.351118
501.885975
501.658157
501.729573
501.305282
501.597276
501.662189
502.471159
501.313361
501.193691
501.105251
502.296926
501.710255
501.482151
500.732245
501.229163
502.788829
501.735100
501.858676
501.294941
501.463316
503.080205
502.191672
502.628609
501.027820
500.962974
500.952948
501.772151
502.389216
500.938581
500.145454
500.498170
502.047510
501.761318
501.366351
501.364267
500.761087
502.447134
501.630487
501.722561
500.431850
500.703505
501.811098
501.786145
502.438509
500.802736
500.432572
502.367933
501.758743
502.039559
500.610196
500.607030
500.805481
501.815116
501.618098
500.812455
500.784866
501.314462
501.919510
502.039835
501.524002
501.209167
500.706448
503.115115
502.074958
502.304330
500.752556
501.837917
503.009099
501.736559
501.194090
500.892697
501.097603
501.198400
502.340706
502.421495
500.859860
500.854125
500.861094
502.630548
501.746751
502.840675
500.610385
501.033214
502.179619
502.110160
501.638406
500.751165
500.595150
502.454487
502.215234
502.857458
500.709921
500.615015
501.160408
502.182371
501.424483
501.271961
500.630178
500.616561
502.050409
501.938892
501.592212
500.841867
501.171258
502.812018
502.784524
501.942411
501.087255
501.085420
502.419174
502.379138
501.592181
501.819287
500.512435
501.074062
501.776349
501.638230
500.913574
501.738132
500.862140
501.805742
501.617443
502.385876
500.836285
501.221408
502.126869
501.747718
501.422912
500.813481
500.463024
502.498411
502.365945
501.855787
500.969391
501.740178
501.481779
502.449694
501.450767
501.289987
500.328979
500.942454
501.948764
501.619128
501.596301
500.639152
501.055338
502.620024
501.705045
502.015889
500.622227
501.525756
502.472019
502.863655
502.048295
501.284667
500.954526
501.636748
501.657966
501.877971
500.447166
501.002613
500.666640
501.975725
501.866188
501.566117
500.423357
501.237631
502.383657
501.906137
501.231161
500.854533
500.796061
502.547089
501.524257
501.647956
501.338499
500.668655
501.657180
501.890144
501.584348
500.609120
501.311329
500.722628
501.530205
502.598353
500.780408
500.982485
500.810398
502.535168
501.191958
501.535769
500.649202
500.923018
502.298467
502.073447
501.597537
500.747978
500.539821
501.514386
501.595567
501.560149
500.203444
501.952781
501.122711
501.390725
501.568790
500.816158
501.258810
501.090109
502.029441
501.569590
501.008553
501.410039
500.623711
503.451492
501.353214
501.723275
500.448346
500.821599
502.731883
502.646625
501.175888
500.666924
500.585474
500.739541
501.547909
501.824336
501.380234
500.974014
501.233529
503.074504
501.971038
501.982799
500.819557
501.397600
502.150649
502.400889
501.228719
501.560693
501.332046
502.971528
502.160626
501.987653
500.533282
501.642592
500.388744
502.093272
501.770431
501.631901
500.600979
501.255056
501.969399
502.363145
501.901234
501.073553
500.556664
501.945959
502.187086
502.677492
500.898611
501.185298
502.836664
502.120876
502.205354
500.405156
501.419601
500.813709
501.573138
501.765923
500.977799
501.179304
500.909342
502.450349
501.705909
501.616211
501.315177
501.180596
502.235915
502.114056
501.503939
500.613975
501.233216
502.320869
501.745918
501.801512
500.529219
500.969533
501.349234
501.918863
501.360137
500.622857
501.101220
501.012159
502.033904
501.954314
501.443819
500.421407
500.979811
502.127450
502.341702
501.588387
500.168138
500.970085
502.007534
502.874293
502.126138
500.672678
500.525752
501.435028
501.635627
501.654711
500.926774
500.569439
500.990060
502.295964
502.277567
501.610568
500.412389
500.891937
502.620983
502.310715
501.663101
500.823665
500.704484
502.922438
502.200779
502.962493
500.611062
501.383059
501.888760
503.090526
501.902036
501.016892
500.954130
501.565834
501.665188
501.880976
500.882437
501.328025
500.568125
501.823165
501.418714
501.914915
501.434207
500.765997
501.744419
501.976439
501.404261
501.749109
501.231665
501.477750
501.603944
502.313797
500.728472
500.664692
500.806093
503.040167
502.401934
501.201931
500.612056
500.898501
502.130349
501.645876
501.556719
501.754166
500.869732
502.879636
502.125233
502.448687
500.557880
501.203865
501.216217
501.791547
501.474485
500.976040
501.011535
501.000684
501.718607
502.292623
505.805735
501.083741
500.993986
502.902477
501.631593
501.864326
500.638765
501.235204
502.722372
501.929338
501.574535
500.668308
500.732530
502.677599
502.153795
502.623680
501.164607
500.767936
500.480600
502.426709
501.967712
501.262443
500.613853
501.484658
502.074884
502.154893
501.796583
501.102131
502.558823
502.775997
502.041451
501.982222
500.833975
500.788100
502.620130
501.516002
501.958574
501.514218
500.570896
501.702819
502.583115
501.880125
500.860264
501.007639
501.216687
502.145629
501.846847
502.055696
501.970395
501.831701
502.546092
502.176207
501.749703
500.610722
501.187802
502.197194
502.253999
501.681047
500.066291
500.810035
500.914308
502.301078
501.499118
501.666956
501.421557
501.351244
501.858546
502.185791
501.276638
501.500897
500.996141
502.752411
501.421561
501.559366
500.900059
500.704575
502.280923
502.054329
501.572779
500.833499
500.374729
501.616813
501.532846
502.164401
500.368148
500.708631
501.226831
501.819125
502.218907
502.021414
501.025112
500.904045
502.890044
502.271187
501.678512
501.316266
500.813363
502.598177
501.710757
502.176808
500.878653
500.575361
501.415720
502.348143
501.739364
501.087653
500.550506
501.746595
501.480362
501.425342
501.088721
501.442744
501.106587
501.931885
501.672125
501.999144
500.648968
500.649859
502.388562
501.681843
502.176291
501.013570
500.687522
501.518814
501.843843
501.562268
500.965608
500.680333
500.429271
502.001887
501.303873
501.105774
500.748138
501.655145
502.565678
502.537299
501.487463
500.896332
500.633896
502.662184
501.578718
502.021904
500.774182
501.832023
502.557773
502.343791
501.618732
501.258336
501.180654
501.019365
502.246806
502.256072
500.461031
501.414931
501.458827
502.006688
502.097371
501.328403
500.663510
501.511992
503.248096
502.051482
501.673135
501.333645
500.486095
501.878926
502.298367
501.695106
501.293534
500.867237
500.668203
502.257788
502.078849
501.089419
500.079931
501.165262
501.566340
502.045456
502.029345
500.989802
501.345388
502.862308
501.448162
502.409276
501.419607
500.925652
501.764737
501.933728
501.532490
500.860971
500.690735
501.684116
501.494691
502.240182
500.747692
501.622186
500.584211
502.249595
501.632351
501.750241
500.668597
501.905215
502.560480
501.951928
501.323944
500.621385
500.508606
502.200319
502.249500
501.704565
500.500038
500.387522
501.047960
502.395496
501.959112
500.816761
500.648658
500.950845
501.228426
501.761300
501.241484
500.531095
500.363684
502.075758
501.899667
501.733838
500.460330
501.046909
502.803037
502.235314
502.085734
501.711322
500.772143
501.439260
501.669838
501.573306
500.520358
501.321150
500.762585
501.751279
501.502544
502.177594
500.206417
501.431831
502.239317
502.286463
501.730739
500.927582
500.789735
502.694090
501.643675
502.038211
500.987447
501.573765
500.862667
502.238297
501.941886
502.015838
500.564452
500.415091
502.302164
502.483145
501.413491
501.674185
501.217586
502.354108
501.457938
502.280981
501.818808
501.443644
502.698582
502.994586
501.201201
501.067764
501.515303
501.542795
501.963814
502.108687
501.069496
500.548143
500.551012
502.610069
501.614350
502.414988
500.365853
500.996777
502.468522
502.652989
501.493523
500.576188
501.488885
502.520295
502.234500
501.629630
500.825943
500.474058
501.809382
501.723865
502.085187
500.790460
500.604839
501.115779
501.671542
502.483239
502.418286
501.012258
501.113938
502.271904
502.049560
502.733597
500.876831
501.785342
502.029282
501.894472
501.582487
501.772138
501.259607
502.150058
502.095970
503.052913
500.735424
501.613708
501.020729
502.610851
501.849143
501.800114
500.659680
501.294279
501.821386
502.099300
501.494648
501.487555
500.791651
502.562340
502.108627
502.915645
501.006686
500.883053
501.753356
502.525030
502.462939
501.013399
500.883908
500.942240
502.151536
501.680569
500.562264
500.772989
500.638928
501.827341
501.465012
502.546740
500.688166
501.426796
502.409645
502.336977
502.175589
501.245947
500.740706
502.401972
502.245585
501.651023
500.855916
501.654804
500.756322
503.120243
501.546478
501.006666
501.085149
500.976697
501.878356
502.563733
501.855420
501.191719
500.676371
502.967464
501.837464
502.636795
500.992868
500.798485
502.194191
502.253528
502.675860
501.938914
501.300432
501.604548
502.001297
501.978098
501.267085
501.192310
500.997228
502.767423
502.104920
502.673545
501.358119
501.178637
502.714064
501.871120
501.474117
500.821788
500.760447
502.522237
501.861974
502.134779
500.925252
500.958872
500.598222
501.893948
501.908609
500.770257
500.681517
501.016642
502.211491
501.636642
501.381449
501.863603
501.728256
502.161058
501.883494
501.598598
500.487064
501.431105
501.960268
501.946231
501.645219
500.878078
501.467304
501.008677
502.125209
501.845778
500.667255
501.268336
501.513231
502.596592
501.464568
501.824010
501.200658
501.091593
502.641169
501.672175
501.674715
500.965664
500.410781
501.696981
502.202899
502.157544
500.515335
500.910649
501.002798
502.006138
501.921078
501.056885
500.372222
501.270361
501.797307
501.965069
501.099321
500.773593
500.647088
502.770131
502.064137
502.021682
500.518204
501.523144
501.929626
502.792475
501.150773
501.406502
500.534168
501.573857
501.973084
502.441009
500.503141
500.917815
501.024130
502.527635
501.267998
501.751948
500.949466
501.617373
502.364277
502.101232
501.283718
501.276438
500.732544
503.070041
502.183433
502.430501
500.577091
501.671411
501.093382
502.269670
501.889832
500.694297
500.851366
501.822533
502.141131
501.635327
501.132040
500.697549
500.484550
502.559104
501.929800
501.574650
500.727318
