0.035473
0.034286
0.034177
0.034107
0.034080
0.034053
0.034145
0.034367
0.036442
0.034044
0.034012
0.034205
0.034026
0.034219
0.034032
0.034151
0.034050
0.034232
0.033958
0.034187
0.038665
0.034177
0.033960
0.034135
0.034057
0.033947
0.034366
0.033981
0.034204
0.034354
0.034079
0.034126
0.034100
0.034066
0.034100
0.034149
0.033977
0.033977
0.034026
0.034103
0.038906
0.035521
0.034073
0.034108
0.034099
0.043140
0.034053
0.034129
0.034108
0.034044
0.033938
0.033940
0.034179
0.034175
0.034153
0.034032
0.034292
0.033917
0.034202
0.034137
0.034201
0.034098
0.033940
0.034104
0.034053
0.034079
0.034220
0.033991
0.033941
0.034048
0.033921
0.034309
0.036292
0.034211
0.033993
0.034054
0.033998
0.033982
0.034081
0.034062
0.034180
0.034055
0.033961
0.033990
0.034101
0.034088
0.034130
0.034177
0.039315
0.034390
0.033995
0.034332
0.034169
0.034070
0.034109
0.033994
0.034045
0.034082
0.035643
0.034041
0.034095
0.043438
0.034105
0.034069
0.037049
0.034092
0.034000
0.034013
0.033987
0.034217
0.034965
0.034175
0.034066
0.034041
0.033985
0.034093
0.034290
0.034319
0.034219
0.034041
0.034046
0.033982
0.034147
0.034112
0.033998
0.034130
0.034037
0.034039
0.034130
0.034136
0.034230
0.034202
0.034061
0.034121
0.034000
0.034055
0.036185
0.034201
0.034025
0.033986
0.034024
0.033985
0.033991
0.034199
0.034030
0.034059
0.034230
0.034018
0.034065
0.034164
0.034118
0.034025
0.034114
0.034012
0.033948
0.034137
0.038768
0.042729
0.033980
0.034074
0.034016
0.034113
0.034152
0.034258
0.034120
0.034215
0.034000
0.034023
0.036172
0.034082
0.033955
0.034020
0.033922
0.034052
0.034100
0.034152
0.034158
0.034025
0.034311
0.034075
0.034038
0.034097
0.034063
0.034100
0.033957
0.034032
0.033988
0.033958
0.034080
0.034084
0.034030
0.034067
0.034204
0.034219
0.034117
0.034245
0.034003
0.034065
0.034028
0.034268
0.036313
0.034081
0.033983
0.034051
0.033957
0.034014
0.034141
0.034153
0.034394
0.034163
0.034226
0.038314
0.034282
0.042373
0.034211
0.034084
0.034009
0.034021
0.033932
0.033992
0.034287
0.034198
0.034039
0.034256
0.042218
0.034354
0.034191
0.034150
0.034022
0.034090
0.033994
0.034014
0.036228
0.034011
0.034082
0.033978
0.034120
0.033984
0.034421
0.034116
0.034284
0.034021
0.034048
0.034049
0.033955
0.034083
0.033991
0.033997
0.034265
0.033974
0.033980
0.034104
0.034071
0.034426
0.034074
0.034068
0.033995
0.034154
0.034140
0.033979
0.034097
0.033948
0.033991
0.034023
0.035930
0.033953
0.034201
0.034000
0.034166
0.042242
0.035765
0.034097
0.034181
0.034115
0.034037
0.034090
0.034062
0.034130
0.034050
0.034077
0.033979
0.034084
0.034016
0.034241
0.034135
0.034173
0.034138
0.034065
0.034089
0.033954
0.034193
0.033944
0.240277
0.036113
0.034383
0.034081
0.034375
0.034288
0.034372
0.034215
0.034049
0.034144
0.034386
0.034120
0.034197
0.034167
0.034140
0.034039
0.033966
0.033997
0.033969
0.034495
0.034143
0.034343
0.034171
0.034203
0.034120
0.034163
0.034272
0.034166
0.034104
0.034018
0.034046
0.034019
0.034271
0.034335
0.034284
0.034213
0.034282
0.034102
0.034152
0.034149
0.034252
0.034240
0.034148
0.034078
0.034167
0.034046
0.034171
0.034124
0.034023
0.034076
0.034119
0.034643
0.034268
0.034203
0.034142
0.034228
0.033945
0.034193
0.034039
0.033943
0.034257
0.034165
0.034086
0.034073
0.034114
0.034000
0.035150
0.034180
0.034305
0.034249
0.034508
0.034965
0.034097
0.034125
0.033987
0.034223
0.036329
0.034093
0.034101
0.034139
0.034107
0.034287
0.034194
0.034154
0.034284
0.034364
0.034065
0.034102
0.034258
0.036893
0.034649
0.034080
0.034094
0.034060
0.034013
0.034000
0.034593
0.034258
0.034211
0.034047
0.034140
0.034029
0.034155
0.034182
0.034064
0.034053
0.034166
0.034061
0.036667
0.034084
0.034127
0.034355
0.034134
0.034106
0.034057
0.034285
0.034142
0.034117
0.034101
0.034031
0.034066
0.034264
0.034217
0.034059
0.034250
0.034205
0.034256
0.034066
0.034269
0.034630
0.034124
0.034109
0.034033
0.034082
0.034877
0.034137
0.034058
0.034106
0.034134
0.034082
0.036450
0.034516
0.034175
0.034258
0.034071
0.034474
0.034029
0.034148
0.034429
0.034099
0.034029
0.034281
0.034222
0.034210
0.034088
0.034176
0.034405
0.034108
0.034161
0.034186
0.034291
0.034392
0.034164
0.034007
0.034210
0.034077
0.034318
0.034173
0.034126
0.034132
0.034067
0.034187
0.036667
0.034485
0.034109
0.034363
0.034138
0.034178
0.034076
0.034159
0.034313
0.034366
0.034315
0.034167
0.034082
0.034180
0.034285
0.034202
0.034396
0.034196
0.034216
0.034115
0.034215
0.034360
0.034215
0.034122
0.034064
0.034094
0.034345
0.034125
0.034083
0.034337
0.034617
0.034374
0.036589
0.034188
0.034077
0.034372
0.034298
0.034107
0.034034
0.034177
0.034138
0.034137
0.034132
0.034177
0.034232
0.034355
0.044783
0.034247
0.034355
0.034230
0.034370
0.034100
0.034181
0.034193
0.034328
0.034152
0.034139
0.034201
0.034130
0.034303
0.034295
0.034727
0.034101
0.034313
0.036326
0.034125
0.034156
0.034258
0.034162
0.034060
0.034025
0.034264
0.034201
0.034118
0.034299
0.034244
0.034304
0.034184
0.034356
0.034141
0.034357
0.034144
0.034208
0.034160
0.034135
0.034323
0.034147
0.034313
0.038056
0.034514
0.034273
0.034480
0.034136
0.034232
0.034084
0.034216
0.036385
0.034147
0.046801
0.034891
0.034534
0.034308
0.034339
0.034282
0.034447
0.034467
0.034552
0.034364
0.034242
0.034223
0.034491
0.034273
0.034282
0.034292
0.034180
0.034220
0.034501
0.034155
0.034317
0.034308
0.034251
0.034660
0.034465
0.034412
0.034291
0.034440
0.034220
0.034143
0.034238
0.034343
0.034636
0.034125
0.034340
0.034442
0.034157
0.034453
0.034408
0.034204
0.034252
0.034345
0.034245
0.034371
0.034425
0.034263
0.034212
0.034867
0.034136
0.034212
0.034313
0.034291
0.034254
0.034609
0.034225
0.034253
0.034185
0.034280
0.034357
0.034169
0.034117
0.034184
0.034290
0.034312
0.034368
0.034178
0.034456
0.034177
0.034363
0.034239
0.034211
0.034324
0.034386
0.034258
0.034151
0.034199
0.034315
0.034464
0.034341
0.034228
0.034161
0.034313
0.034116
0.034391
0.034456
0.034336
0.034261
0.034204
0.034180
0.034121
0.034421
0.034209
0.034352
0.034160
0.034183
0.034126
0.034184
0.034319
0.034449
0.034405
0.034265
0.034172
0.034281
0.034262
0.034141
0.034235
0.034286
0.034163
0.034145
0.034216
0.034297
0.034238
0.034143
0.034489
0.034140
0.034269
0.036141
0.034624
0.034369
0.034223
0.034152
0.034120
0.034269
0.034196
0.034147
0.034301
0.034238
0.034396
0.034339
0.034207
0.034155
0.034099
0.034466
0.034192
0.034135
0.034116
0.034214
0.034105
0.034090
0.034121
0.034136
0.034144
0.034254
0.034353
0.034126
0.034375
0.034250
0.034143
0.034198
0.034112
0.034217
0.034220
0.034194
0.034111
0.034167
0.034393
0.034192
0.034208
0.034484
0.034295
0.037233
0.034467
0.034289
0.034051
0.034219
0.034099
0.034086
0.034100
0.034151
0.034190
0.034290
0.034236
0.034116
0.034439
0.034340
0.034295
0.034236
0.034200
0.034258
0.034074
0.034103
0.034106
0.034184
0.034230
0.034703
0.034557
0.034190
0.034064
0.034298
0.034158
0.034330
0.034331
0.034371
0.034182
0.034192
0.034109
0.034091
0.034234
0.034129
0.034092
0.034225
0.034235
0.034101
0.034295
0.034356
0.034189
0.034233
0.034187
0.034173
0.034258
0.034325
0.034445
0.034238
0.034338
0.034161
0.034051
0.034105
0.034233
0.034360
0.034288
0.034210
0.034094
0.034255
0.036084
0.034064
0.034203
0.034156
0.034155
0.034225
0.034154
0.034255
0.034070
0.034213
0.034356
0.034220
0.034342
0.034255
0.034301
0.034191
0.034167
0.034156
0.034112
0.034152
0.034239
0.034208
0.034163
0.034285
0.034223
0.034382
0.034389
0.034231
0.034420
0.480378
0.041964
0.034531
0.034438
0.034487
0.034260
0.034258
0.034273
0.034725
0.034309
0.034189
0.034401
0.034431
0.034288
0.034275
0.034349
0.034262
0.034252
0.034376
0.034346
0.034177
0.034233
0.034374
0.034252
0.034185
0.034265
0.034547
0.034400
0.034454
0.034264
0.034234
0.034204
0.034518
0.034185
0.034316
0.034267
0.034434
0.034275
0.034241
0.034293
0.034272
0.034478
0.034255
0.034249
0.034135
0.034444
0.034310
0.034314
0.034336
0.034278
0.034381
0.034162
0.034304
0.034147
0.034397
0.034157
0.034383
0.034269
0.034314
0.034202
0.034238
0.034296
0.034906
0.034181
0.034446
0.034189
0.034177
0.034233
0.034245
0.034435
0.034258
0.034542
0.034262
0.034408
0.034359
0.034294
0.034186
0.034431
0.034244
0.037110
0.035755
0.034207
0.034421
0.034225
0.034120
0.034203
0.034384
0.034193
0.034240
0.034150
0.034283
0.034234
0.034392
0.034196
0.034099
0.034255
0.034099
0.034226
0.034239
0.034239
0.034423
0.034265
0.034168
0.034125
0.034129
0.034179
0.034203
0.034470
0.034133
0.034273
0.034103
0.034258
0.034344
0.034184
0.034212
0.034162
0.034082
0.034210
0.034082
0.034406
0.034257
0.034130
0.034361
0.034227
0.034310
0.034100
0.034376
0.034182
0.035382
0.034163
0.034150
0.034634
0.034307
0.034373
0.034268
0.034282
0.034138
0.034505
0.034183
0.034251
0.034278
0.034278
0.034231
0.034128
0.034193
0.034175
0.034312
0.034209
0.034179
0.034109
0.034158
0.034106
0.034509
0.034189
0.034397
0.034269
0.034233
0.034251
0.034160
0.034132
0.035125
0.034211
0.034257
0.034119
0.034163
0.034329
0.034196
0.034433
0.034239
0.034170
0.034163
0.034263
0.034231
0.034173
0.034281
0.034189
0.034250
0.034146
0.034324
0.034093
0.034248
0.034136
0.034381
0.034222
0.034392
0.034127
