0.154206
0.150708
0.151430
0.152775
0.152530
0.150751
0.151557
0.150463
0.151307
0.150753
0.151418
0.150529
0.151390
0.150512
0.151251
0.150627
0.151189
0.150866
0.159810
0.151166
0.151645
0.151755
0.152242
0.151693
0.151380
0.151528
0.150661
0.150387
0.150536
0.150811
0.150900
0.152325
0.151979
0.150989
0.150495
0.152624
0.150232
0.151124
0.150648
0.151319
0.150781
0.196094
0.151274
0.151182
0.150692
0.151528
0.150804
0.151464
0.151462
0.151401
0.151387
0.151443
0.150983
0.151375
0.151940
0.151671
0.150890
0.151324
0.150969
0.151498
0.150905
0.151377
0.150740
0.156201
0.150867
0.151841
0.150795
0.154114
0.152828
0.151837
0.152086
0.151609
0.151881
0.151182
0.150690
0.151731
0.150811
0.151486
0.150662
0.151287
0.150604
0.151580
0.151066
0.151530
0.151545
0.151967
0.156793
0.157322
0.151259
0.151534
0.151361
0.151638
0.151617
0.150983
0.151459
0.151242
0.151189
0.151722
0.152180
0.153656
0.153534
0.152170
0.151998
0.151327
0.151079
0.150663
0.150023
0.150731
0.150064
0.158722
0.150538
0.150686
0.149881
0.150871
0.150148
0.150704
0.150052
0.150761
0.150924
0.151025
0.150661
0.151150
0.150220
0.151259
0.150674
0.151251
0.150632
0.151130
0.152690
0.151177
0.150980
0.153980
0.349435
0.153307
0.150944
0.151319
0.151320
0.151285
0.151256
0.150923
0.150757
0.150665
0.151108
0.150732
0.150985
0.151323
0.151607
0.151346
0.151125
0.151507
0.151021
0.151248
0.151493
0.155736
0.151364
0.151507
0.150648
0.151189
0.150995
0.151752
0.150530
0.151623
0.151040
0.153140
0.150697
0.151905
0.151551
0.152040
0.151535
0.151264
0.150722
0.153060
0.150538
0.151109
0.150373
0.150935
0.160669
0.151847
0.150521
0.150960
0.150360
0.151225
0.151861
0.151498
0.150701
0.151465
0.151155
0.151303
0.151066
0.151129
0.151229
0.151195
0.151151
0.151331
0.150684
0.153028
0.151030
0.151128
0.151588
0.273198
0.152724
0.151503
0.150874
0.150938
0.150571
0.151161
0.150667
0.151179
0.150596
0.151308
0.151023
0.151254
0.150774
0.151253
0.150872
0.151167
0.150409
0.151270
0.150831
0.151371
0.150923
0.156021
0.150929
0.151220
0.150743
0.151307
0.151415
0.152734
0.151651
0.151194
0.151566
0.151154
0.151096
0.152493
0.151846
0.151326
0.151659
0.150879
0.151215
0.151596
0.153078
0.150632
0.150428
0.149935
0.158741
0.151203
0.151971
0.150419
0.150906
0.150510
0.151204
0.156226
0.151621
0.150847
0.151252
0.150669
0.153251
0.150735
0.151439
0.152766
0.151371
0.151060
0.151756
0.151092
0.151479
0.150601
0.151391
0.253987
0.153676
0.150676
0.151208
0.150328
0.150861
0.151382
0.151206
0.150877
0.150846
0.151410
0.152071
0.151427
0.151020
0.151270
0.151092
0.151320
0.151602
0.151496
0.151632
0.151362
0.151119
0.157732
0.152262
0.153009
0.151388
0.151114
0.151452
0.151252
0.151298
0.151531
0.150823
0.151400
0.150871
0.151524
0.150754
0.151259
0.151349
0.151721
0.151006
0.151688
0.151669
0.151766
0.153763
0.151567
0.243069
0.153170
0.150626
0.151505
0.150722
0.150521
0.150332
0.150788
0.151354
0.151165
0.150909
0.153371
0.151086
0.151361
0.151453
0.151670
0.150945
0.151752
0.151379
0.151337
0.151337
0.151316
0.157332
0.151785
0.151636
0.151442
0.151391
0.151144
0.151309
0.151044
0.152024
0.150765
0.151167
0.150507
0.151303
0.150642
0.151694
0.150659
0.151329
0.150778
0.151454
0.151319
0.151702
0.152564
0.152327
0.214669
0.153469
0.151726
0.151268
0.151353
0.151149
0.151428
0.151767
0.150712
0.151515
0.150749
0.151489
0.151324
0.151349
0.150972
0.151436
0.150782
0.152085
0.151023
0.151335
0.151095
0.152129
0.151053
0.156955
0.151816
0.153552
0.151919
0.153730
0.151228
0.151460
0.153409
0.152697
0.150880
0.151221
0.150622
0.151310
0.150265
0.150730
0.150279
0.151523
0.151451
0.151538
0.150869
0.151300
0.151393
0.151410
0.151955
0.151970
0.151985
0.151760
0.151445
0.151648
0.152013
0.151520
0.151575
0.151696
0.151539
0.151508
0.159713
0.152232
0.151647
0.151528
0.153175
0.150912
0.151421
0.150327
0.150758
0.150663
0.156103
0.150374
0.150729
0.150399
0.150844
0.151679
0.151151
0.150635
0.150967
0.150849
0.150823
0.150657
0.151374
0.153367
0.152038
0.151452
0.151299
0.151844
0.151731
0.152110
0.151636
0.152012
0.151791
0.158023
0.152141
0.151762
0.153462
0.151631
0.151207
0.151207
0.150962
0.151148
0.150352
0.150639
0.150141
0.150924
0.150744
0.152035
0.150755
0.151059
0.150484
0.151053
0.150402
0.151374
0.150442
0.151495
0.162279
0.152353
0.150670
0.151528
0.150808
0.151471
0.150760
0.151647
0.151794
0.152044
0.151033
0.151422
0.153127
0.150906
0.150128
0.150630
0.150296
0.150983
0.150679
0.151065
0.150780
0.150761
0.150747
0.156356
0.150687
0.150752
0.150866
0.150314
0.150862
0.150339
0.151192
0.150992
0.151246
0.150427
0.151258
0.150850
0.150982
0.150721
0.151569
0.150726
0.151478
0.152756
0.152211
0.151865
0.154980
0.160145
0.154793
0.152075
0.151594
0.151590
0.151915
0.151105
0.150848
0.150161
0.150491
0.151353
0.150503
0.150014
0.151071
0.150024
0.150557
0.150079
0.150730
0.150436
0.151676
0.150337
0.151676
0.150987
0.156186
0.151316
0.151611
0.150597
0.151661
0.151154
0.151527
0.150878
0.153348
0.150734
0.151508
0.151354
0.151772
0.151010
0.151499
0.151123
0.151639
0.150970
0.151552
0.152875
0.151788
0.151202
0.152066
0.156108
0.151220
0.151401
0.151926
0.151885
0.151575
0.151378
0.151520
0.151651
0.151075
0.151621
0.150732
0.151512
0.151334
0.151491
0.150932
0.151477
0.158888
0.152208
0.151321
0.151570
0.150962
0.151848
0.156157
0.152320
0.151226
0.151975
0.153342
0.152901
0.151129
0.151450
0.150218
0.150911
0.150130
0.150800
0.150373
0.150997
0.150210
0.151533
0.150604
0.150859
0.150498
0.150544
0.150260
0.151740
0.150724
0.155597
0.150637
0.151582
0.152392
0.151149
0.150930
0.151940
0.150787
0.151576
0.150654
0.151735
0.150973
0.151826
0.151411
0.152601
0.151330
0.151612
0.151751
0.151016
0.151561
0.151312
0.151777
0.154106
0.151150
0.149956
0.151051
0.150020
0.150831
0.149831
0.150616
0.150054
0.151097
0.152066
0.151177
0.151246
0.153892
0.151930
0.150585
0.151620
0.150650
0.151287
0.150708
0.151440
0.150667
0.151689
0.155065
0.153166
0.151353
0.152031
0.151458
0.152180
0.151567
0.154396
0.151684
0.151907
0.151703
0.151403
0.151841
0.151516
0.151696
0.150612
0.150847
0.150883
0.150484
0.150907
0.150954
0.150991
0.152804
0.155342
0.150916
0.151090
0.150675
0.150729
0.151918
0.151231
0.150856
0.151193
0.151244
0.152491
0.150981
0.151314
0.151757
0.150555
0.151792
0.150759
0.151782
0.151612
0.151523
0.150721
0.151616
0.151282
0.155843
0.150949
0.151379
0.150838
0.151770
0.151611
0.151571
0.150385
0.152935
0.150891
0.150926
0.150513
0.150907
0.150451
0.150679
0.150988
0.150857
0.150853
0.151104
0.151620
0.151213
0.150633
0.151254
0.155987
0.151646
0.151663
0.152570
0.151720
0.152062
0.151677
0.153254
0.151700
0.151975
0.151719
0.151611
0.151873
0.151759
0.151437
0.152071
0.151122
0.152724
0.150736
0.150763
0.150829
0.156505
0.154541
0.151536
0.150921
0.151698
0.150910
0.151338
0.152187
0.151310
0.151278
0.151392
0.151413
0.151275
0.151840
0.151713
0.152152
0.151687
0.151583
0.151723
0.151737
0.152118
0.151621
0.151267
0.151934
0.155329
0.153333
0.150440
0.150966
0.155001
0.153102
0.150787
0.151896
0.150719
0.151435
0.151180
0.151966
0.150838
0.151697
0.150777
0.152543
0.150632
0.151209
0.150883
0.151329
0.150952
0.151619
0.151226
0.156474
0.151022
0.151464
0.151033
0.152084
0.152108
0.151898
0.150691
0.153179
0.150078
0.151065
0.150333
0.151349
0.152584
0.152154
0.150400
0.151272
0.151203
0.151252
0.150778
0.151789
0.151157
0.151480
0.156162
0.152699
0.151639
0.151042
0.151049
0.151429
0.151285
0.151421
0.151249
0.151977
0.151525
0.151923
0.151698
0.151357
0.151539
0.151461
0.151189
0.151533
0.151334
0.151965
0.151485
0.150910
0.160183
0.152883
0.151165
0.151051
0.151395
0.151629
0.151792
0.150757
0.151106
0.150892
0.151742
0.151806
0.151277
0.150516
0.151600
0.150675
0.151151
0.150610
0.151914
0.151682
0.151719
0.150867
0.152412
0.216550
0.153405
0.151057
0.151499
0.150826
0.151740
0.150979
0.151922
0.153092
0.152907
0.150386
0.151855
0.151512
0.151393
0.150468
0.151478
0.151285
0.151378
0.151280
0.151315
0.151246
0.152108
0.151306
0.156386
0.151770
0.151116
0.151181
0.151477
0.152276
0.151751
0.151332
0.152016
0.151292
0.151437
0.151236
0.150895
0.151455
0.151770
0.153926
0.151630
0.151528
0.153993
0.153640
0.151714
0.151365
0.151578
0.152293
0.151617
0.151320
0.157352
0.151766
0.151464
0.150792
0.151089
0.150602
0.150390
0.150345
0.150486
0.150393
0.150661
0.151169
0.151050
0.150650
0.150921
0.150615
0.152246
0.150944
0.151086
0.158921
0.151638
0.151534
0.151653
0.151685
0.154018
0.151429
0.151785
0.154014
0.151746
0.151301
0.151525
0.151429
0.151317
0.151313
0.151588
0.151680
0.152591
0.151803
0.151254
0.151023
0.151092
0.151163
0.807137
0.159958
0.152193
0.151254
0.151315
0.151013
0.151355
0.151635
0.151210
0.151684
0.152126
0.151395
0.151752
0.151314
0.153907
0.151408
0.151492
0.151063
0.151629
0.156695
0.151861
0.151936
0.152422
0.151254
0.151748
0.151354
0.151902
0.150880
0.151213
0.151033
0.151273
0.150720
0.150799
0.150699
0.151117
0.150761
0.151320
0.151037
0.150873
0.150955
0.151473
0.151074
0.173246
0.152060
0.152014
0.151664
0.153298
0.151613
0.151459
0.151627
0.151813
