51.455020
51.526266
51.532686
52.326770
51.601810
51.521622
51.613170
51.422726
51.496099
51.548447
51.327461
51.675234
51.573461
51.556276
51.564935
51.527120
51.601050
51.437627
51.527213
51.382144
51.520487
51.419628
51.550085
51.359838
51.414076
51.574094
51.377644
51.599842
51.733603
51.517340
51.425548
51.336749
51.572988
51.383352
51.308661
51.475180
51.522315
51.550181
51.486591
51.665687
51.531139
51.433430
51.364526
51.380297
51.586883
51.469243
51.416793
51.450163
51.428533
51.530681
51.941316
51.378098
51.573731
51.547531
51.569582
51.606182
51.635675
51.557856
51.455556
51.653876
51.501129
52.654623
51.659373
51.445757
51.873195
51.749418
51.569502
51.614673
51.516912
51.548796
51.604715
51.538353
52.458248
51.464789
51.611607
51.554616
51.494149
51.554337
51.345143
51.534073
51.371664
51.394995
51.358750
52.385390
51.367752
51.426717
51.427669
51.605335
51.396517
51.529513
51.542681
51.705045
51.492459
51.354959
52.385948
51.496677
51.357800
51.416250
51.545163
51.528249
51.376041
51.423589
51.377853
51.531879
51.574430
52.412005
51.365748
51.638155
51.591011
51.305084
51.636331
51.354044
51.434449
51.646031
51.490899
51.549072
51.584016
51.446847
51.690309
51.522136
51.560786
51.482749
51.534078
51.336823
51.484126
51.621824
51.583125
51.524740
51.495906
51.545084
51.403671
51.579142
51.601440
51.455120
51.552435
51.600696
51.402662
51.439106
51.488564
51.432383
51.671149
51.404735
51.473395
51.443310
51.495113
51.462556
51.543561
51.339860
51.362661
51.388337
51.388597
51.381858
51.799916
51.543413
51.526848
51.471153
51.435080
51.597696
51.617299
51.368991
51.482349
51.636698
51.362522
51.792142
51.437217
51.299715
51.552319
51.638813
51.520379
51.482379
51.644837
51.567588
51.547167
51.633395
52.586838
51.512754
51.544708
51.566289
51.465607
51.530782
51.437134
51.594328
51.571152
51.417578
51.502692
52.607900
51.583811
51.557886
51.536701
51.528350
51.565146
51.604166
51.564481
51.406386
51.489894
51.633845
52.538487
51.601338
51.362783
51.560686
52.069842
51.348524
51.552460
51.498404
51.539271
51.589500
51.433461
52.505870
51.564587
51.500974
51.543532
51.554005
51.550350
51.498816
51.515452
51.711171
51.562015
51.524700
52.384745
51.586722
51.431577
51.639623
51.385647
51.418486
51.488397
51.476309
51.519875
51.713090
51.449129
52.527723
51.697891
51.336143
51.579793
51.584674
51.617515
51.611032
51.544882
51.624174
51.553528
51.506621
51.609081
51.609533
51.821339
51.568968
51.421139
51.571095
51.590584
51.524747
51.533877
51.506631
51.464236
51.564486
51.589082
51.398560
51.576557
51.382673
51.532880
51.469119
51.610971
51.491444
51.630295
51.372884
51.477350
51.564785
51.418925
51.638209
51.567605
51.609801
51.450208
51.656605
51.519270
51.500849
51.516162
51.616163
51.531824
51.590356
51.578897
51.567233
51.429289
51.587023
51.544691
51.564692
51.597698
51.403477
51.461937
51.337205
51.440864
52.577794
51.583005
51.325207
51.693133
51.366064
51.314008
51.544976
51.359609
51.604943
51.510618
51.623579
52.605253
51.648994
51.597823
51.520232
51.511067
51.512521
51.536920
51.515487
51.525583
51.423640
51.597350
52.499503
51.389580
51.589629
51.724786
51.528424
51.567457
51.528569
51.540065
51.376668
51.502887
51.546718
52.476540
51.503758
51.413437
51.436309
51.533808
51.577474
51.494439
51.531834
51.552431
51.726132
51.509451
52.408936
51.599291
51.435947
51.545000
51.430556
51.520439
51.486220
51.631625
51.757020
51.549687
51.692348
52.496499
51.315536
51.679517
51.535797
51.586279
51.643347
51.443999
51.568466
51.534006
51.433692
51.463260
51.411239
51.301088
51.451790
51.375246
51.545697
51.373763
51.499710
51.412445
51.556285
51.604814
51.373097
51.551872
51.514895
51.672646
51.550814
51.594045
51.358915
51.437717
51.574268
51.600678
51.550992
51.706154
51.583870
51.565653
51.606527
51.612607
51.416683
51.568247
51.329934
51.624412
51.476479
51.548466
51.428625
51.539751
51.380611
51.374835
51.629439
51.563029
51.547339
51.525334
51.601336
51.568761
51.457653
51.331439
51.434414
51.456270
51.562980
51.554492
51.544546
51.623883
51.453804
51.457639
51.590546
51.515430
51.545577
51.629941
51.389721
51.543838
52.389353
51.421562
51.667025
51.443931
51.509720
51.458645
51.557820
51.359133
51.548992
51.605486
51.365901
52.641408
51.560331
51.440633
51.501631
51.582819
51.453741
51.616054
51.531298
51.379497
51.535115
51.425391
52.418375
51.474726
51.379832
51.441134
51.585794
51.481350
51.457228
51.453191
51.544036
51.333369
51.685775
52.409031
51.302497
51.397971
51.562408
51.498848
51.587390
51.537459
51.424404
51.476023
51.388684
51.373143
52.368726
51.360617
51.364993
51.560374
51.466356
51.523040
51.623064
51.497526
51.566200
51.568855
51.525856
52.387745
51.544935
51.581296
51.503366
51.440370
51.522281
51.297211
51.408391
51.557061
51.528831
51.432398
52.327328
51.375484
51.457925
51.445333
51.350847
51.443135
51.394380
51.342826
51.587669
51.305441
51.386883
51.601516
51.389138
51.504030
51.696915
51.350896
51.489637
51.518139
51.483211
51.406054
51.946525
51.471784
51.481736
51.605918
51.381638
51.635810
51.394951
51.530623
51.375463
51.761551
51.383153
51.376651
51.515044
51.631270
51.401009
51.443280
51.747880
51.457929
51.665173
51.412089
51.528333
51.578594
51.434700
51.417137
51.474758
51.362636
51.388886
51.797139
51.577279
51.464285
51.594309
51.352993
51.358603
51.615798
51.408757
51.336877
51.409178
51.417880
52.478478
51.499898
51.552372
51.366105
51.617794
51.559891
51.501968
51.554379
51.641163
51.534893
51.499567
52.352903
51.445069
51.559285
51.382082
51.352439
51.491394
51.424741
51.394267
51.602613
51.412846
51.382310
52.512897
51.416535
51.364766
51.386019
51.485428
51.346597
51.526090
51.442367
51.372842
51.494703
51.560802
52.507042
51.528666
51.378821
51.638267
51.456904
51.338543
51.394251
51.612115
51.405678
51.371675
51.458247
52.477694
51.598492
51.501526
51.505124
51.480834
51.512094
51.463693
51.421409
51.646270
51.621277
51.351589
51.422021
51.522735
51.400592
51.722536
51.314925
51.443802
51.544635
51.526040
51.502079
51.634464
51.523906
51.524769
51.687345
51.402538
51.625866
51.632148
51.460122
51.352295
51.486154
51.356271
51.427657
51.607214
51.357326
51.394328
51.736982
51.654714
51.409893
51.554676
51.371520
51.376374
51.433028
51.428706
51.407422
51.546707
51.373958
51.347995
51.815544
51.328100
51.514638
51.498648
51.342575
51.340917
51.498529
51.383958
51.371225
51.468845
51.504954
52.413930
51.372959
51.548352
51.495321
51.693186
51.580357
51.352006
51.516571
51.539410
51.602048
51.407669
52.286575
51.538307
51.445119
51.592826
51.590747
51.502664
51.410755
51.373023
51.395789
51.415518
51.354896
52.364331
51.384305
51.361709
51.431151
51.406571
51.338257
51.592008
51.341654
51.380023
51.733344
51.388906
52.414699
51.520183
51.464250
51.551913
51.567962
51.325953
51.444213
51.610696
51.338203
51.500298
51.529763
52.489269
51.393663
51.472495
51.465405
51.512577
51.562781
51.560374
51.563773
51.625247
51.580663
51.416332
51.560636
51.414403
51.359746
51.723704
51.430956
51.368893
51.426175
51.342110
51.327705
51.626793
51.428729
51.468992
51.580676
51.405445
51.453520
51.639579
51.349284
51.372510
51.523611
51.359405
51.318575
51.638752
51.430551
51.330340
51.629800
51.497805
51.440915
51.558832
51.435758
51.432240
51.492379
51.383275
51.370226
51.548357
51.559890
51.411146
51.913629
51.324370
51.520661
51.381503
51.377959
51.382005
51.390948
51.406793
51.552897
51.425716
51.544628
51.772187
51.447476
51.560208
51.420261
51.650855
51.334989
51.364774
51.658623
51.515336
51.562022
51.662980
52.548537
51.435685
51.499408
51.341626
51.533037
51.475138
51.401798
51.478616
51.456596
51.558828
51.382882
52.483978
51.402771
51.406919
51.448493
51.548640
51.542984
51.600735
51.582971
51.392792
51.461253
51.379815
52.391843
51.631935
51.436317
51.385706
51.483205
51.371197
51.435309
51.673376
51.632383
51.529324
51.579920
52.565948
51.404569
51.503950
51.554487
51.418403
51.449793
51.422448
51.407548
51.413085
51.577844
51.374653
52.415045
51.369316
51.549589
51.570473
51.482076
51.376235
51.606115
51.595270
51.382457
51.532973
51.320221
52.361709
51.481821
51.404465
51.456020
51.544266
51.364762
51.353395
51.667605
51.407905
51.549194
51.445636
51.642295
51.401368
51.396617
51.778605
51.403968
51.647912
51.432287
51.458649
51.621708
51.437351
51.431819
51.709669
51.485693
51.416573
51.744301
51.433423
51.602132
51.602994
51.331278
51.399061
51.616584
51.461098
51.520308
51.653545
51.544691
51.759611
51.419828
51.399885
51.357693
51.548189
51.732320
51.658772
51.611751
51.464248
51.379795
51.740641
51.771931
51.619055
51.532309
51.474563
51.327128
51.459843
51.392191
51.403029
51.476711
51.409609
51.369450
51.710462
51.442654
51.620991
51.576167
51.584852
51.394206
51.597296
51.403368
51.515994
51.480535
51.730712
52.401307
51.545477
51.564092
51.467245
51.526274
51.463871
51.371299
51.518850
51.637393
51.499291
51.491863
52.529558
51.458231
51.668701
51.349546
51.551369
51.597172
51.664266
51.549943
51.584918
51.527763
51.470786
52.486574
51.403029
51.313230
51.551498
51.573597
51.423360
51.546291
51.422246
51.365204
51.574109
51.439066
52.347386
51.459336
51.468668
51.337885
51.553898
51.359439
51.441368
51.525323
51.515279
51.520211
51.444599
52.553543
51.443442
51.638890
51.668543
51.525757
51.532892
51.521819
51.427020
51.452615
51.441498
51.302427
51.496900
51.376696
51.534288
51.417938
51.495800
51.317585
51.617728
51.454281
51.417558
51.606450
51.425986
51.321624
51.460951
51.385446
51.501481
51.491571
51.676054
51.358805
51.537003
51.463422
51.565552
51.504511
51.526103
51.458425
51.537052
51.531971
51.464068
51.581348
51.552964
51.517796
51.505999
51.525395
51.428806
51.540319
51.572091
51.442715
51.916059
51.351725
51.624311
51.394847
51.518021
51.667561
51.721932
51.363376
51.515656
51.495112
51.481636
51.720238
51.518995
51.357699
51.570373
51.493170
51.606422
51.476034
51.515781
51.413649
51.468103
51.441956
52.459521
51.347322
51.320079
51.378950
51.583145
51.611061
51.626275
51.388666
51.518088
51.460515
51.724324
52.520312
51.386747
