0.142277
0.079273
0.083272
0.080615
0.113861
0.080196
0.080842
0.079482
0.080244
0.079292
0.080940
0.078296
0.116426
0.078323
0.079592
0.081296
0.116499
0.077613
0.078895
0.082473
0.115949
0.078559
0.079292
0.080752
0.116869
0.079019
0.080961
0.080804
0.100631
0.079070
0.079718
0.077178
0.118869
0.080038
0.081176
0.079580
0.109561
0.077485
0.078674
0.079255
0.115462
0.078085
0.079653
0.081220
0.093578
0.078652
0.083251
0.080299
0.116824
0.077447
0.079771
0.079579
0.118867
0.078705
0.078756
0.080432
0.116599
0.079988
0.080665
0.079434
0.114521
0.082174
0.080311
0.079291
0.118627
0.076563
0.079765
0.079607
0.081007
0.080388
0.080014
0.079866
0.116083
0.084785
0.080609
0.081379
0.116843
0.082266
0.079926
0.080100
0.115534
0.082365
0.079622
0.078358
0.115413
0.079876
0.082813
0.082507
0.111466
0.077414
0.080360
0.080768
0.079040
0.079690
0.078652
0.080321
0.116866
0.080149
0.077924
0.081612
0.114913
0.080442
0.078420
0.079936
0.113723
0.076309
0.080693
0.078901
0.080848
0.080551
0.077266
0.080062
0.116701
0.080224
0.077842
0.081366
0.116290
0.077285
0.080402
0.078926
0.116368
0.077918
0.082159
0.082228
0.114880
0.078647
0.081828
0.079025
0.115350
0.079381
0.077474
0.079433
0.116262
0.078107
0.080485
0.077529
0.116005
0.080215
0.079339
0.078220
0.078427
0.079908
0.081406
0.077984
0.112501
0.079769
0.077192
0.077706
0.115154
0.077542
0.077658
0.077274
0.117639
0.082112
0.077562
0.078850
0.080002
0.079575
0.082330
0.079833
0.116979
0.080565
0.082117
0.080563
0.113059
0.079597
0.077944
0.078958
0.107112
0.077806
0.077936
0.080102
0.079625
0.078772
0.077717
0.078290
0.116137
0.080536
0.077612
0.080181
0.101732
0.078439
0.076552
0.078362
0.091930
0.079426
0.078239
0.079225
0.080802
0.079481
0.077742
0.078176
0.118097
0.080538
0.079078
0.077244
0.096702
0.081070
0.079927
0.079147
0.117848
0.080894
0.081083
0.081837
0.116911
0.076671
0.077506
0.077835
0.118111
0.080772
0.080350
0.075677
0.116304
0.079177
0.081782
0.079300
0.116447
0.078409
0.078210
0.078723
0.116313
0.076698
0.080839
0.078209
0.114237
0.079673
0.078721
0.078549
0.116169
0.079857
0.078634
0.078246
0.116315
0.075680
0.077880
0.081366
0.116639
0.077537
0.080756
0.078953
0.117561
0.079386
0.080713
0.076591
0.080800
0.080325
0.080597
0.080262
0.114919
0.081631
0.079384
0.078763
0.115164
0.079501
0.080628
0.076614
0.116597
0.080258
0.077967
0.078508
0.079542
0.079751
0.078020
0.079102
0.115257
0.078915
0.078912
0.078427
0.080151
0.079127
0.078839
0.079600
0.118353
0.079834
0.077703
0.079339
0.103622
0.080659
0.077777
0.080184
0.104685
0.080260
0.080365
0.079646
0.093691
0.080064
0.079894
0.080165
0.111125
0.078798
0.078477
0.079332
0.081797
0.080881
0.077875
0.079317
0.080054
0.077181
0.078132
0.077602
0.080062
0.079729
0.077521
0.078268
0.114516
0.077082
0.078238
0.079042
0.115367
0.079203
0.081225
0.081239
0.078913
0.079218
0.078460
0.078139
0.079585
0.080480
0.075772
0.079327
0.101937
0.078838
0.077536
0.078545
0.116238
0.078255
0.082480
0.076759
0.080864
0.079492
0.080172
0.081194
0.113966
0.081550
0.078240
0.079738
0.115942
0.076715
0.079913
0.078331
0.081926
0.078137
0.080984
0.079639
0.116804
0.079888
0.076933
0.077794
0.116520
0.078121
0.076611
0.080025
0.115154
0.078542
0.080252
0.078714
0.112965
0.078940
0.080626
0.077852
0.114026
0.079342
0.078333
0.076867
0.117004
0.077360
0.082664
0.079887
0.113922
0.081650
0.078215
0.078587
0.117837
0.078245
0.083676
0.078313
0.080443
0.078182
0.077275
0.079202
0.116634
0.076494
0.078633
0.079357
0.078464
0.080299
0.078455
0.080786
0.114341
0.081856
0.079742
0.079566
0.116467
0.076363
0.079264
0.076282
0.079457
0.077746
0.080594
0.080067
0.078721
0.078057
0.077889
0.078804
0.114286
0.081516
0.078563
0.081583
0.121434
0.078181
0.077528
0.076886
0.095839
0.079787
0.079992
0.077979
0.081220
0.080952
0.078020
0.081353
0.114773
0.079206
0.078754
0.079715
0.114569
0.081028
0.078772
0.079004
0.121497
0.078737
0.080345
0.078943
0.116655
0.079783
0.077292
0.077478
0.114940
0.081845
0.078370
0.078389
0.098535
0.079546
0.082284
0.079059
0.123127
0.077384
0.080398
0.079587
0.116824
0.078283
0.081041
0.079674
0.116643
0.080634
0.081029
0.077515
0.114799
0.077782
0.079087
0.079611
0.116541
0.079035
0.080244
0.077266
0.115635
0.078565
0.079806
0.077714
0.115611
0.079119
0.081057
0.078566
0.115046
0.078264
0.080113
0.078228
0.116684
0.080156
0.079570
0.078788
0.113623
0.078077
0.078442
0.077089
0.115411
0.076521
0.078231
0.077624
0.114830
0.077864
0.079445
0.076493
0.078458
0.080952
0.078703
0.077260
0.116213
0.077731
0.078028
0.078840
0.116935
0.075909
0.083164
0.079163
0.114515
0.080485
0.077427
0.078267
0.115619
0.078513
0.077489
0.075859
0.080587
0.080032
0.078933
0.079135
0.116731
0.078299
0.081328
0.078734
0.117150
0.079419
0.077792
0.078484
0.114636
0.079423
0.075825
0.077718
0.110917
0.077643
0.081057
0.079836
0.104223
0.076464
0.078547
0.076114
0.113948
0.081331
0.079298
0.078406
0.079832
0.080166
0.077330
0.079110
0.080649
0.080033
0.078449
0.079266
0.079006
0.078249
0.080139
0.077044
0.115354
0.078965
0.082103
0.080017
0.118107
0.078666
0.077397
0.079235
0.116164
0.077767
0.079816
0.079751
0.114222
0.079959
0.080320
0.080703
0.114753
0.079932
0.077336
0.078110
0.114746
0.078637
0.078260
0.080933
0.113895
0.079509
0.078792
0.077245
0.114970
0.079710
0.079607
0.077091
0.080612
0.076231
0.079562
0.076041
0.117059
0.077432
0.079204
0.078917
0.114475
0.081090
0.080252
0.078287
0.115461
0.081606
0.082334
0.078763
0.116432
0.079843
0.078411
0.077820
0.115485
0.078716
0.080578
0.076498
0.114358
0.078268
0.077445
0.077145
0.117272
0.081648
0.077254
0.078568
0.113123
0.077899
0.079368
0.078706
0.080409
0.076300
0.078315
0.079136
0.115981
0.079256
0.082905
0.078903
0.094730
0.079378
0.077614
0.082285
0.096520
0.079088
0.076359
0.079580
0.117281
0.077600
0.078955
0.079182
0.107357
0.081132
0.077863
0.078425
0.112493
0.077966
0.077004
0.078144
0.104175
0.077425
0.078997
0.082061
0.114069
0.076832
0.078049
0.076836
0.118079
0.078340
0.078860
0.076180
0.080362
0.079701
0.079867
0.079083
0.115654
0.077102
0.078632
0.079171
0.114429
0.079736
0.078399
0.079260
0.107288
0.077406
0.079443
0.078578
0.114449
0.079453
0.078336
0.076996
0.109607
0.077311
0.079908
0.079651
0.079145
0.080423
0.079297
0.078720
0.116276
0.078705
0.081217
0.077522
0.115171
0.080051
0.078673
0.077815
0.116467
0.079414
0.079960
0.078526
0.113571
0.078600
0.078442
0.077269
0.117469
0.077622
0.079730
0.079326
0.115675
0.081102
0.081904
0.077343
0.116006
0.082435
0.077549
0.080098
0.114813
0.078561
0.077628
0.080717
0.116645
0.078754
0.078003
0.076727
0.113622
0.078199
0.080365
0.077329
0.115448
0.080599
0.080421
0.077697
0.115730
0.078605
0.076946
0.078525
0.115437
0.077931
0.079501
0.079017
0.081092
0.079953
0.078107
0.076173
0.113662
0.081017
0.078051
0.077885
0.096135
0.077955
0.078838
0.080353
0.114276
0.079020
0.077758
0.080148
0.094161
0.080295
0.079270
0.079125
0.114018
0.077497
0.080798
0.077373
0.116324
0.078751
0.076109
0.077467
0.101887
0.078145
0.079737
0.077586
0.115020
0.078415
0.077521
0.078450
0.079184
0.079277
0.079103
0.076257
0.105970
0.078194
0.081727
0.079449
0.117496
0.078392
0.078005
0.076246
0.078962
0.078697
0.079815
0.080137
0.081998
0.079862
0.080502
0.079740
0.116368
0.079762
0.077717
0.077767
0.115788
0.078469
0.079458
0.077529
0.115628
0.078733
0.078866
0.077806
0.116447
0.078815
0.079388
0.076141
0.119346
0.076625
0.079896
0.076786
0.117974
0.079075
0.078498
0.080028
0.116139
0.079226
0.077795
0.077383
0.114936
0.079675
0.077016
0.078059
0.079932
0.075414
0.078150
0.077688
0.115137
0.080733
0.076572
0.079668
0.116187
0.080149
0.078014
0.077963
0.121369
0.079684
0.077573
0.076803
0.114276
0.081315
0.078959
0.079858
0.113942
0.078976
0.077497
0.079265
0.115260
0.078388
0.081194
0.078485
0.118529
0.078665
0.081234
0.077798
0.112095
0.081791
0.078529
0.078702
0.098314
0.078817
0.081292
0.075788
0.109662
0.076208
0.079220
0.079365
0.115050
0.079639
0.077715
0.079189
0.112465
0.081404
0.082759
0.077511
0.122053
0.079150
0.078270
0.078556
0.078019
0.078099
0.078605
0.078342
0.115340
0.078453
0.081969
0.079031
0.103549
0.079191
0.077110
0.079156
0.101481
0.077535
0.077552
0.077207
0.116631
0.076214
0.078585
0.079181
0.115060
0.079536
0.080106
0.077264
0.094238
0.079224
0.078052
0.078908
0.119139
0.081636
0.077228
0.083669
0.117052
0.079664
0.078368
0.077613
0.080815
0.082354
0.081045
0.080270
0.118916
0.079423
0.083391
0.078382
0.117713
0.080587
0.082295
0.080616
0.118689
0.080643
0.079064
0.076450
0.081124
0.079004
0.080278
0.078943
0.118478
0.079333
0.079600
0.078824
0.116362
0.080089
0.078918
0.080067
0.080572
0.078827
0.079717
0.083152
0.118637
0.078832
0.081161
0.080328
0.113838
0.079233
0.077758
0.079610
0.100597
0.081269
0.082453
0.079087
0.116973
0.080157
0.078669
0.080084
0.095857
0.079391
0.079104
0.079918
0.117334
0.080618
0.079090
0.081386
0.080150
0.079016
0.082080
0.077707
0.114999
0.079124
0.077463
0.079917
0.079458
0.079405
0.079239
0.079165
0.116350
0.077881
0.076697
0.080918
0.116940
0.080763
0.078549
0.079199
0.114445
0.078064
0.077642
0.080546
