0.117229
0.079584
0.078727
0.078063
0.078216
0.078480
0.078432
0.078296
0.078534
0.078542
0.078565
0.078491
0.078600
0.078337
0.078892
0.078694
0.078909
0.078629
0.078481
0.086483
0.078174
0.078138
0.078463
0.078224
0.078335
0.078617
0.078391
0.078727
0.078326
0.078931
0.078623
0.078410
0.078428
0.078494
0.078253
0.078307
0.078401
0.078876
0.078553
0.078562
0.078256
0.078770
0.078275
0.078226
0.078261
0.078199
0.078300
0.078294
0.078167
0.078456
0.078574
0.078842
0.078465
0.078206
0.078349
0.078399
0.078345
0.078293
0.078242
0.078387
0.078239
0.078153
0.078387
0.086010
0.078561
0.078189
0.078262
0.078307
0.078702
0.078272
0.078510
0.078287
0.078429
0.078286
0.078370
0.078246
0.078524
0.078342
0.078462
0.078281
0.078621
0.078422
0.078352
0.078289
0.078433
0.078609
0.078619
0.078709
0.078281
0.078260
0.078321
0.078573
0.078781
0.078712
0.078557
0.078540
0.078445
0.078384
0.078132
0.078375
0.078522
0.078387
0.078341
0.078374
0.078684
0.078416
0.078613
0.081470
0.078587
0.078232
0.078437
0.078406
0.078376
0.078409
0.078351
0.078487
0.078525
0.078974
0.078529
0.078375
0.078670
0.078219
0.078408
0.078561
0.078465
0.078411
0.078229
0.078288
0.078512
0.078467
0.078558
0.078540
0.078371
0.078138
0.078501
0.078625
0.078302
0.078269
0.078331
0.078483
0.078345
0.078403
0.078389
0.078240
0.078526
0.078637
0.078285
0.078270
0.078348
0.078255
0.081934
0.078381
0.078336
0.078138
0.078288
0.078230
0.078444
0.078676
0.078607
0.078265
0.078242
0.078450
0.078504
0.078173
0.078320
0.078241
0.078263
0.078359
0.078708
0.078603
0.078361
0.078549
0.078322
0.078425
0.078567
0.078563
0.078219
0.078262
0.078475
0.078460
0.078326
0.078334
0.078665
0.078235
0.078310
0.078590
0.078307
0.078292
0.078390
0.078603
0.078673
0.078388
0.078472
0.078404
0.082306
0.078304
0.078271
0.078509
0.078174
0.078589
0.078468
0.078379
0.078214
0.078307
0.078289
0.078541
0.078542
0.078353
0.078346
0.078291
0.078303
0.078552
0.078454
0.078255
0.078333
0.078560
0.078390
0.078303
0.078453
0.078200
0.078469
0.078420
0.078349
0.078589
0.078763
0.079209
0.078456
0.078573
0.078257
0.078479
0.078332
0.078545
0.078461
0.078366
0.078364
0.078185
0.078367
0.078309
0.094947
0.078343
0.078263
0.078266
0.078409
0.078467
0.078501
0.078277
0.078434
0.078532
0.078784
0.078421
0.078222
0.078574
0.078289
0.078494
0.078366
0.078436
0.078335
0.078328
0.078331
0.078570
0.078591
0.078333
0.078638
0.078324
0.078706
0.078491
0.078531
0.078559
0.078266
0.078384
0.078307
0.078384
0.078241
0.078518
0.078418
0.078423
0.078283
0.078403
0.078355
0.078328
0.078199
0.078491
0.081957
0.078321
0.078429
0.078444
0.078368
0.078393
0.078347
0.078202
0.078492
0.078300
0.078376
0.078319
0.078256
0.078671
0.078443
0.078318
0.078108
0.078239
0.078302
0.078572
0.078467
0.078373
0.078426
0.078297
0.078267
0.078342
0.078434
0.078327
0.078482
0.078137
0.078504
0.078219
0.078221
0.078372
0.078265
0.078513
0.078497
0.078199
0.078280
0.078191
0.078274
0.078273
0.078243
0.078267
0.198619
0.078499
0.078096
0.078345
0.078256
0.078438
0.078290
0.078269
0.078416
0.078322
0.078348
0.078492
0.078395
0.078324
0.078397
0.078354
0.078379
0.078374
0.078481
0.078215
0.078384
0.078283
0.078584
0.078280
0.078603
0.078254
0.078220
0.078314
0.078350
0.078219
0.078267
0.078560
0.078376
0.078569
0.078329
0.078078
0.078427
0.078338
0.078145
0.078395
0.078398
0.078167
0.083349
0.078649
0.078241
0.078332
0.078333
0.078237
0.078185
0.078298
0.078220
0.078364
0.078178
0.078521
0.078559
0.078263
0.078274
0.078342
0.078248
0.078290
0.078691
0.078333
0.078377
0.078382
0.078423
0.078243
0.078485
0.078315
0.078537
0.078254
0.078625
0.078300
0.078499
0.078364
0.078470
0.078299
0.078446
0.078190
0.078278
0.078117
0.078442
0.078268
0.078114
0.078352
0.078340
0.078269
0.106881
0.078379
0.078384
0.078376
0.078233
0.078180
0.078445
0.078278
0.078132
0.078320
0.078361
0.078207
0.078324
0.078293
0.078274
0.078421
0.078287
0.078446
0.078317
0.078241
0.078269
0.078405
0.078292
0.078285
0.078297
0.078480
0.078212
0.078179
0.078474
0.078315
0.078371
0.078319
0.078404
0.078425
0.078386
0.078235
0.078232
0.078432
0.078152
0.078208
0.078435
0.078469
0.078259
0.078289
0.083742
0.078202
0.078150
0.078454
0.078459
0.078189
0.078494
0.078364
0.078268
0.078200
0.078381
0.078314
0.078327
0.078219
0.078500
0.078298
0.078390
0.078248
0.078404
0.078281
0.078366
0.078248
0.078295
0.078482
0.078279
0.078211
0.078489
0.078319
0.078259
0.078290
0.078223
0.078295
0.078257
0.078178
0.078249
0.078117
0.078337
0.078325
0.078223
0.078289
0.078259
0.078416
0.078280
0.078124
0.132776
0.078448
0.078429
0.078101
0.078367
0.078266
0.078609
0.078310
0.078359
0.078588
0.078542
0.078378
0.078288
0.078408
0.078387
0.078274
0.078367
0.078327
0.078666
0.078315
0.078479
0.078471
0.078324
0.078215
0.078284
0.078271
0.078351
0.078564
0.078325
0.078305
0.078215
0.078374
0.078311
0.078402
0.078143
0.078264
0.078362
0.078272
0.078493
0.078566
0.078599
0.078407
0.078393
0.078181
0.078841
0.078268
0.078304
0.078324
0.078308
0.078283
0.078400
0.078342
0.078281
0.078240
0.078608
0.078391
0.078299
0.078396
0.078312
0.078200
0.078351
0.078499
0.078297
0.078500
0.078269
0.078334
0.078437
0.078356
0.078410
0.078330
0.078289
0.078416
0.078240
0.078297
0.078333
0.078232
0.078276
0.078295
0.078256
0.078282
0.078442
0.078291
0.078134
0.078245
0.078230
0.078293
0.078436
0.078386
0.078651
0.078485
0.078299
0.078418
0.078335
0.078334
0.078592
0.078247
0.078510
0.078201
0.078265
0.078445
0.078196
0.078323
0.078350
0.078313
0.078218
0.078247
0.078326
0.078239
0.078335
0.078408
0.078679
0.078307
0.078150
0.078181
0.078284
0.078199
0.078265
0.078329
0.078240
0.078247
0.078496
0.078345
0.078259
0.078239
0.078285
0.078300
0.078319
0.078159
0.078717
0.078259
0.078393
0.082498
0.078545
0.078166
0.078276
0.078281
0.078146
0.078375
0.078223
0.078263
0.078366
0.078417
0.078159
0.078172
0.078214
0.078484
0.078265
0.078606
0.078646
0.078391
0.078278
0.078285
0.078419
0.078363
0.078282
0.078185
0.078485
0.078387
0.078322
0.078438
0.078183
0.078202
0.078303
0.078388
0.078241
0.078343
0.078216
0.078223
0.078454
0.078264
0.078301
0.078439
0.078285
0.078460
0.078514
0.110826
0.078515
0.078315
0.078525
0.078651
0.078239
0.078532
0.078263
0.078469
0.078663
0.078634
0.078296
0.078219
0.078345
0.078184
0.078369
0.078384
0.078323
0.078383
0.078330
0.078257
0.078621
0.078535
0.078166
0.078337
0.078294
0.078479
0.078412
0.078309
0.078467
0.078260
0.078296
0.078308
0.078686
0.078272
0.078662
0.078371
0.078296
0.078219
0.078354
0.078380
0.078626
0.078325
0.078307
0.082151
0.078443
0.078368
0.078269
0.078441
0.078339
0.078360
0.078417
0.078424
0.078470
0.078441
0.078285
0.078550
0.078465
0.078369
0.078272
0.078694
0.078490
0.078307
0.078435
0.078354
0.078219
0.078326
0.078357
0.078225
0.078478
0.078306
0.078290
0.078410
0.078169
0.078390
0.078295
0.078399
0.078244
0.078342
0.078357
0.078492
0.078213
0.078480
0.078345
0.078206
0.078379
0.078504
0.078328
0.082306
0.078409
0.078248
0.078520
0.078334
0.078361
0.078364
0.078580
0.078358
0.078530
0.078356
0.078471
0.078274
0.078314
0.078417
0.078510
0.078402
0.078570
0.078277
0.078371
0.078238
0.078214
0.078252
0.078228
0.078198
0.078297
0.078226
0.078293
0.078413
0.078286
0.078431
0.078478
0.078268
0.078588
0.078287
0.078174
0.078797
0.078225
0.078332
0.078387
0.078200
0.078302
0.078634
0.078446
0.081354
0.078427
0.078535
0.078376
0.078324
0.078306
0.078393
0.078209
0.078201
0.078603
0.078231
0.078347
0.078403
0.078415
0.078441
0.078149
0.078427
0.078395
0.078259
0.078377
0.078320
0.078212
0.078304
0.078383
0.078170
0.078389
0.078225
0.078249
0.078294
0.078338
0.078181
0.078537
0.078434
0.078252
0.078541
0.078383
0.078285
0.078233
0.078433
0.078429
0.078283
0.078273
0.078284
0.181241
0.079264
0.078305
0.078048
0.078259
0.078190
0.078224
0.078238
0.078314
0.078637
0.078399
0.078328
0.078468
0.078329
0.078193
0.078207
0.078204
0.078386
0.078333
0.078250
0.078190
0.078109
0.078240
0.078285
0.078362
0.078212
0.078271
0.078216
0.078223
0.078269
0.078473
0.078387
0.078200
0.078736
0.078438
0.078273
0.078265
0.078579
0.078321
0.078302
0.078412
0.078213
0.078279
0.078521
0.078421
0.078279
0.078539
0.078659
0.078300
0.078391
0.078253
0.078391
0.078313
0.078199
0.078692
0.078462
0.078325
0.078368
0.078315
0.078332
0.078250
0.078412
0.078088
0.078487
0.078415
0.078286
0.078221
0.078350
0.078363
0.078537
0.078381
0.078196
0.078621
0.078326
0.078498
0.078421
0.078429
0.078619
0.078579
0.078260
0.078345
0.078370
0.078555
0.078556
0.078379
0.078253
0.078152
0.082899
0.078479
0.078495
0.078450
0.078578
0.078298
0.078266
0.078517
0.078440
0.078607
0.078319
0.078184
0.078448
0.078197
0.078115
0.078506
0.078277
0.078395
0.078354
0.078113
0.078409
0.078373
0.078450
0.078326
0.078353
0.078196
0.078346
0.078280
0.078389
0.078487
0.078594
0.078321
0.078475
0.078414
0.078293
0.078572
0.078202
0.078305
0.078480
0.078375
0.078479
0.078301
0.078614
0.078359
0.082267
0.078262
0.078225
0.078506
0.078376
0.078593
0.078321
0.078659
0.078624
0.078374
0.078511
0.078421
0.078299
0.078485
0.078313
0.078174
0.078407
0.078274
0.078316
