0.706644
0.705594
0.705434
0.706870
0.763602
0.704196
0.705708
0.705407
0.707207
0.868951
0.705634
0.705873
0.705960
0.705685
0.705787
0.709950
0.705458
0.705488
0.705928
0.706171
0.867358
0.706040
0.705399
0.704980
0.705552
0.706044
0.707785
0.706053
0.705660
0.705796
0.705809
0.804074
0.705814
0.705906
0.705923
0.705337
0.706104
0.707628
0.705988
0.705290
0.705560
0.705176
0.714892
0.705246
0.705012
0.705094
0.705372
0.705571
0.709969
0.705699
0.705810
0.705329
0.705366
0.714153
0.705526
0.705773
0.705240
0.705500
0.705437
0.708829
0.705758
0.705943
0.706019
0.705946
0.705851
0.717202
0.706230
0.705853
0.705953
0.705596
0.709481
0.705284
0.705668
0.706013
0.705472
0.705972
0.714282
0.705169
0.705814
0.705852
0.705656
0.708344
0.706226
0.705831
0.705701
0.705389
0.705563
0.712481
0.705578
0.705595
0.705741
0.705959
0.708896
0.705626
0.705551
0.706073
0.705688
0.705625
0.709405
0.705608
0.705750
0.705900
0.706077
0.705523
0.706218
0.706371
0.705013
0.705821
0.705438
0.715532
0.706157
0.705531
0.705772
0.704972
0.705745
0.708875
0.705551
0.705370
0.705830
0.705797
0.714730
0.706080
0.705876
0.706039
0.705588
0.705645
0.708747
0.706135
0.705265
0.706031
0.705928
0.720171
0.705255
0.706065
0.705611
0.705549
0.706002
0.708335
0.705405
0.706042
0.706253
0.706086
0.713971
0.705165
0.705923
0.705204
0.705384
0.705856
0.707740
0.705711
0.705957
0.704945
0.705290
0.705750
0.714180
0.705805
0.706069
0.705653
0.705889
0.708638
0.706193
0.705807
0.705830
0.705581
0.705799
0.714283
0.705443
0.705851
0.705388
0.705810
0.708477
0.706044
0.705445
0.705249
0.706091
0.705768
0.714587
0.705199
0.706183
0.705797
0.705855
0.709236
0.705696
0.706235
0.705880
0.705681
0.705760
0.709269
0.705849
0.705462
0.705659
0.705529
0.705459
0.713230
0.706165
0.705745
0.705830
0.705941
0.709504
0.706072
0.705981
0.705383
0.705692
0.705455
0.714474
0.706256
0.705518
0.705488
0.705894
0.708715
0.704920
0.705765
0.705858
0.706157
0.706064
0.717553
0.705954
0.705751
0.706030
0.705941
0.708765
0.705403
0.705748
0.705543
0.704992
0.705479
0.714376
0.705691
0.705633
0.705668
0.705882
0.709100
0.705827
0.705433
0.705566
0.706005
0.705527
0.714007
0.705662
0.705581
0.706056
0.706147
0.705790
0.708276
0.705669
0.705648
0.705306
0.705602
0.713997
0.705006
0.706179
0.704867
0.705684
0.705928
0.709206
0.705559
0.706124
0.705656
0.705233
0.713899
0.705657
0.705964
0.705886
0.705693
0.705597
0.709074
0.705601
0.705919
0.705286
0.705614
0.726095
0.706043
0.705656
0.706565
0.706662
0.706960
0.709351
0.705726
0.707330
0.706497
0.705799
0.706398
0.707557
0.705340
0.706361
0.704825
0.706386
0.710185
0.705858
0.706359
0.706401
0.705559
0.705422
0.711757
0.707155
0.705961
0.705541
0.705979
0.709887
0.707441
0.706950
0.707471
0.705804
0.707480
0.716300
0.706576
0.706548
0.707481
0.705700
0.710428
0.705955
0.705843
0.705778
0.707416
0.706113
0.713013
0.706600
0.707455
0.706442
0.705803
0.708885
0.705746
0.705366
0.706424
0.706068
0.706742
0.715703
0.707439
0.706547
0.707254
0.707447
0.706767
0.708994
0.705752
0.707113
0.706912
0.706091
0.710067
0.705920
0.705841
0.705752
0.706109
0.705979
0.714546
0.707427
0.705140
0.704798
0.705786
0.710677
0.707410
0.707183
0.704848
0.705912
0.707259
0.714443
0.707149
0.707344
0.705704
0.705951
0.709863
0.707423
0.705545
0.706430
0.706983
0.705970
0.715865
0.706107
0.707096
0.705784
0.707241
0.710137
0.706144
0.705606
0.707346
0.705913
0.705392
0.714069
0.705090
0.706796
0.705594
0.705879
0.707538
0.710114
0.707535
0.705214
0.707294
0.707336
0.710755
0.707517
0.706442
0.706906
0.705857
0.706952
0.715884
0.707378
0.705772
0.705895
0.704986
0.708969
0.707294
0.705343
0.705375
0.705498
0.705789
0.714338
0.707075
0.705045
0.705262
0.706029
0.707933
0.705527
0.705781
0.707225
0.707223
0.705618
0.716232
0.706992
0.704998
0.706970
0.707521
0.708887
0.705960
0.706887
0.706943
0.705833
0.706995
0.713407
0.706207
0.706933
0.704970
0.705938
0.707048
0.709252
0.707510
0.706508
0.705682
0.705646
0.713893
0.705683
0.705915
0.705599
0.706464
0.706036
0.710392
0.706739
0.705568
0.705765
0.705975
0.716035
0.705569
0.706029
0.707176
0.706475
0.706537
0.710242
0.705501
0.707496
0.707226
0.705488
0.714331
0.707264
0.706029
0.705912
0.705924
0.705307
0.710382
0.707539
0.706457
0.706004
0.706519
0.715856
0.705652
0.705536
0.707234
0.705932
0.706145
0.710602
0.705577
0.705529
0.707324
0.706397
0.707275
0.715721
0.705949
0.705114
0.707211
0.707330
0.712734
0.706000
0.705995
0.707407
0.706559
0.706488
0.714372
0.706711
0.707429
0.706205
0.705933
0.710592
0.705659
0.707258
0.707051
0.706393
0.705762
0.714289
0.705835
0.705579
0.705867
0.705549
0.709809
0.707153
0.705926
0.705841
0.705827
0.707397
0.715929
0.707441
0.705990
0.706460
0.707161
0.708894
0.705728
0.704946
0.705803
0.704826
0.705340
0.710755
0.705686
0.704811
0.706093
0.705437
0.705653
0.715623
0.707094
0.705637
0.705927
0.707121
0.710115
0.707168
0.705722
0.706271
0.706505
0.706071
0.716616
0.706479
0.705668
0.703387
0.706115
0.709537
0.707031
0.705831
0.706424
0.706056
0.706870
0.714431
0.707439
0.706046
0.705730
0.706831
0.708969
0.705848
0.706533
0.707227
0.707211
0.705777
0.715431
0.703801
0.705747
0.705168
0.706787
0.706944
0.708718
0.707423
0.707271
0.706577
0.706127
0.710929
0.705655
0.705768
0.705565
0.706649
0.705643
0.715458
0.706425
0.705355
0.705134
0.706566
0.709487
0.707597
0.707367
0.705927
0.705733
0.705401
0.716290
0.707376
0.707459
0.705648
0.704557
0.708206
0.705525
0.705934
0.707199
0.706453
0.705433
0.716311
0.707326
0.705683
0.706826
0.705760
0.708722
0.705678
0.705549
0.705560
0.707178
0.707348
0.714958
0.707184
0.705617
0.706569
0.707473
0.706838
0.707405
0.707234
0.706392
0.707292
0.705501
0.709297
0.706824
0.705872
0.707076
0.706870
0.707274
0.715411
0.707332
0.707378
0.705949
0.707423
0.709169
0.707535
0.705586
0.705845
0.706406
0.707393
0.716560
0.706074
0.704795
0.705200
0.705727
0.708407
0.707482
0.706604
0.705540
0.705687
0.705567
0.716909
0.706470
0.706974
0.706110
0.706601
0.708966
0.705137
0.705840
0.707535
0.705627
0.705582
0.713599
0.705925
0.705779
0.706942
0.707525
0.705646
0.709126
0.705790
0.706153
0.705824
0.705684
0.713971
0.707005
0.707242
0.705555
0.707099
0.707313
0.708483
0.707089
0.705680
0.705710
0.705448
0.714606
0.706642
0.706558
0.706609
0.707508
0.705851
0.710426
0.706041
0.706024
0.707396
0.706474
0.715318
0.707362
0.707418
0.703921
0.705356
0.706020
0.710534
0.705867
0.705905
0.705113
0.706773
0.707402
0.706202
0.704958
0.705668
0.705652
0.706270
0.711342
0.706773
0.707030
0.706030
0.705468
0.706514
0.708464
0.707160
0.705963
0.706413
0.706836
0.710247
0.707426
0.705822
0.707215
0.706852
0.706075
0.714132
0.707317
0.707158
0.705884
0.707571
0.709889
0.707454
0.705864
0.706436
0.707180
0.705495
0.714917
0.706468
0.707179
0.705749
0.704786
0.708960
0.705990
0.707312
0.707362
0.707261
0.705758
0.710516
0.706931
0.705864
0.706429
0.705716
0.707266
0.708861
0.705425
0.705476
0.707191
0.705248
0.719752
0.706935
0.706960
0.705651
0.706008
0.705528
0.712374
0.707466
0.706155
0.705948
0.706506
0.709397
0.705262
0.705856
0.707375
0.706215
0.706511
0.713931
0.706771
0.705608
0.705177
0.707330
0.709875
0.705209
0.706484
0.706864
0.706523
0.705499
0.720651
0.705758
0.706121
0.705980
0.706333
0.709816
0.706177
0.705940
0.705482
0.706892
0.706465
0.716927
0.707257
0.705991
0.707444
0.706444
0.707393
0.711083
0.705575
0.706425
0.706957
0.705874
0.711165
0.706015
0.706197
0.707006
0.705705
0.705696
0.710763
0.707215
0.706148
0.706475
0.707303
0.715916
0.705888
0.706963
0.706637
0.706986
0.705745
0.710495
0.706877
0.705537
0.705747
0.706670
0.714951
0.706401
0.706499
0.705916
0.706409
0.706818
0.710579
0.705589
0.705734
0.705909
0.707201
0.718825
0.705977
0.705562
0.707254
0.706922
0.705975
0.710232
0.706637
0.706604
0.705381
0.707229
0.706471
0.715596
0.705553
0.705700
0.706454
0.707338
0.709669
0.707321
0.706700
0.705763
0.706710
0.705985
0.713634
0.707370
0.705458
0.705957
0.706034
0.710342
0.707020
0.706087
0.705211
0.705950
0.705187
0.714708
0.707275
0.705714
0.706130
0.707393
0.710114
0.706068
0.706796
0.707070
0.706512
0.705560
0.716013
0.707114
0.705532
0.705987
0.707462
0.709252
0.706017
0.707124
0.707304
0.707649
0.706701
0.715638
0.706020
0.706214
0.705142
0.705822
0.706074
0.709959
0.706331
0.707415
0.705734
0.705386
0.715536
0.706847
0.707056
0.706414
0.706925
0.707266
0.710579
0.705961
0.705666
0.705255
0.705683
0.714482
0.706104
0.706475
0.705550
0.707283
0.707284
0.707798
0.707390
0.707076
0.706405
0.706329
0.714510
0.706923
0.707101
0.707405
0.706544
0.705821
0.710214
0.705707
0.706879
0.707261
0.706996
0.714920
0.704948
0.706750
0.705764
0.705590
0.705620
0.709189
0.706156
0.707219
0.707026
0.706729
0.705735
0.715786
0.706210
0.705841
0.704814
0.707076
0.710507
0.706874
0.705588
0.704846
0.705694
0.707295
0.714984
0.704700
0.707043
0.706467
0.705858
0.710406
0.707416
0.705733
0.706981
0.705790
0.707081
0.714182
0.706925
0.707166
0.706874
0.706817
0.710831
0.707015
0.707320
0.705715
0.706524
0.705484
0.713626
0.705374
0.706015
0.705761
0.707204
0.705632
0.707472
