696.305578
696.357151
696.167706
696.148799
696.077046
696.082148
696.160764
696.071547
696.057912
696.008900
696.547425
696.411326
696.349239
696.322677
696.219510
695.912297
696.204539
696.418041
696.358333
696.082342
696.230540
696.248867
696.012715
696.418016
696.256228
696.760380
696.250323
696.101899
696.427409
696.124871
696.141052
696.490745
696.959257
696.367084
696.555820
696.601718
696.382603
696.735178
696.544835
696.280029
696.410425
696.534889
696.244657
696.687323
696.258047
696.519745
696.403764
696.346871
696.421084
696.093560
696.298310
696.022318
696.759751
696.347354
696.514160
696.612493
696.420631
696.555675
696.355294
696.084807
696.421103
696.614299
696.120558
696.265935
696.789052
696.008132
696.837551
696.557760
696.099511
696.904763
696.520054
695.834260
696.691698
696.352773
696.856299
696.551999
696.454989
696.331921
696.260420
696.769822
696.775730
696.446046
696.252742
696.459549
696.392130
696.001822
688.053361
683.225319
682.680720
683.610786
683.576127
682.575876
693.868349
696.693636
696.246404
696.661656
696.734723
696.403987
696.884803
696.291057
696.121474
696.734338
696.308230
696.532009
696.638685
696.132651
696.525874
697.175176
696.147757
696.564934
696.781083
696.635636
696.714322
696.115446
696.165908
696.517869
696.389210
696.050167
696.486047
696.612372
695.010959
683.211494
683.490301
682.568520
683.226816
682.823684
685.403888
696.464803
696.114180
696.229435
696.708728
696.094016
696.463959
696.441139
696.288236
696.609693
696.774048
696.248167
696.273554
696.401742
695.790409
696.369995
696.282458
695.839998
696.629102
696.625376
696.350077
696.478955
696.151033
697.063078
696.933431
696.402891
696.388796
696.042816
695.961933
696.782981
696.565146
696.310737
696.683463
696.592302
696.414537
696.532961
696.223189
696.087450
696.799338
696.356897
696.463824
696.756835
696.389246
695.940051
696.776350
696.040243
696.350845
696.052599
696.104519
696.686729
696.478717
696.486115
696.545437
696.829183
696.230176
696.837484
696.860511
696.263583
696.558168
696.648228
696.107075
696.327295
696.207298
696.133142
696.302016
696.274214
696.382072
696.515181
696.394042
696.798337
696.544208
696.356116
696.364522
696.732513
696.385550
696.832679
696.791754
696.043850
695.564938
696.369895
696.295377
696.632171
696.616451
696.579622
696.395538
696.434701
696.401806
696.604167
696.127329
696.382641
696.740255
696.164976
696.711759
696.528212
696.263958
696.329730
696.632215
696.531510
696.542719
696.580564
696.125245
696.876984
696.592228
696.705713
696.696916
696.820481
696.222433
696.671413
696.390321
696.262597
696.722157
696.640743
696.503652
696.633471
696.261697
696.590786
696.635073
696.387437
696.445892
696.859753
696.170468
696.594719
696.673123
696.698691
696.711177
696.023873
696.460506
696.922521
696.279226
696.182060
696.430210
696.872973
696.429202
696.822451
696.770362
696.911365
696.243326
696.224300
696.679668
696.959218
696.636693
696.599973
696.648008
696.140110
697.058533
696.526754
696.307740
696.494204
696.419669
696.675519
697.004617
696.450164
696.875172
696.764502
696.564783
696.326077
696.928024
696.617362
696.614409
696.736605
696.208500
696.452749
697.081079
696.560010
696.560429
696.342557
696.287707
696.805733
696.523265
696.376693
696.720944
696.457082
696.189447
696.869661
696.385474
696.158778
697.057390
696.562586
696.285070
696.372452
696.655240
696.494575
696.707611
696.427818
696.597339
696.924176
696.898647
696.559897
696.914207
696.247150
696.724414
697.000041
696.600768
696.764615
696.454777
696.387093
696.812961
696.212587
696.485437
696.793462
696.683966
696.468118
696.539034
696.530895
696.784000
696.635711
695.715331
696.829112
696.710946
696.592679
697.089519
696.525958
696.809251
696.555650
696.546278
696.232909
696.847844
696.749683
696.581611
697.155548
697.085159
696.889077
696.607299
696.361517
696.580746
696.261516
696.467936
696.341637
697.031066
696.770855
696.758241
696.754000
695.856219
696.240759
696.478565
696.431678
696.938747
696.663197
696.436913
696.781024
696.453806
696.316405
696.673678
696.409792
696.534210
696.733358
696.843230
696.826879
696.897069
696.260157
696.686885
696.524149
696.444441
696.767348
696.563760
696.316927
696.792722
696.656490
696.368583
696.945542
696.821781
697.276899
696.572565
696.634518
696.347789
696.725654
696.481794
696.460406
696.499458
696.570550
696.422682
696.470969
696.362573
696.822042
696.360960
696.288358
696.811175
697.032392
696.848337
696.726277
696.663320
696.738108
696.929655
696.610179
695.783103
696.990856
696.158397
696.443431
696.568446
696.434715
696.597082
696.434060
696.773010
696.535495
697.139439
696.672794
696.709795
696.340711
696.326654
696.832401
696.710883
696.332727
696.648542
696.588363
696.286788
696.635172
696.534150
696.397492
696.456759
696.589604
696.285694
697.107201
696.577283
697.113227
696.784865
696.804188
696.797301
696.646449
696.751501
696.532214
696.449200
696.375408
696.634455
696.774998
696.277327
696.747481
696.812400
696.646040
696.530748
696.684120
696.470887
696.647217
696.627581
696.270637
696.624580
696.428054
696.423519
696.281476
696.543009
696.780281
696.847098
696.726515
691.005714
683.886332
682.216480
691.717651
696.750935
696.454381
696.738766
696.811228
696.417184
696.911498
696.464106
696.449699
696.878608
696.641413
696.580802
696.822524
696.817135
696.591514
697.104716
696.280383
696.522520
696.959896
696.442724
696.373763
696.661813
696.497894
697.054668
696.877415
696.406060
696.982850
696.894995
696.656090
696.964829
696.706036
696.823394
696.496892
696.593495
696.958229
696.862835
696.925000
696.838011
696.904120
696.490341
696.476424
696.894794
696.400579
696.582207
696.365788
696.299852
696.564971
696.874427
696.400328
696.799610
696.559118
696.638069
696.686313
696.435021
696.307895
696.628390
696.506023
696.405406
696.247808
696.930953
696.389097
696.581675
696.454921
696.459828
697.005656
695.994344
696.646013
696.881007
696.547321
696.716404
696.769357
696.552631
696.528023
696.456699
696.530200
696.915124
696.517418
696.462143
697.221846
696.458037
696.463177
697.043967
696.350868
696.663482
696.688334
696.308932
696.666079
696.627905
696.711839
696.955877
696.778490
696.566205
696.888869
696.592884
696.476389
696.264739
696.667747
696.542645
696.801656
696.533548
696.147083
696.800858
696.333822
696.880354
696.607512
696.365880
696.176629
696.473181
696.741580
696.942611
696.880965
696.467703
696.677087
697.172830
696.545995
696.758397
696.315392
696.563060
696.776141
696.492867
696.411532
696.905634
696.541179
696.374755
696.505749
696.571474
696.640028
696.724131
696.404844
696.549776
696.231396
696.247681
697.026491
696.707896
696.803542
696.752554
696.707777
696.430093
696.989352
696.679208
696.796865
696.639768
696.427502
696.337493
696.909008
696.342068
696.583301
696.562382
696.237929
696.770466
696.683379
696.478571
696.671670
696.635423
696.553504
696.774926
696.879751
696.393332
696.591434
696.858886
696.651470
697.128619
696.553527
696.407812
696.611773
696.365742
696.350100
696.626365
696.555762
696.535536
696.800235
696.470518
696.584290
696.690163
696.475096
696.413402
696.791387
696.010591
696.582756
697.025924
696.676467
697.083510
696.754491
696.797755
696.889511
696.472557
696.471431
696.606669
696.452552
696.615159
697.056979
696.931237
696.618606
696.481351
696.189643
696.798288
696.533504
696.343314
696.413050
696.490215
696.234675
696.578733
696.646698
696.320553
696.615378
696.527854
696.571712
696.761812
696.287632
696.488433
696.753294
696.835025
696.505257
697.043288
697.012621
696.920570
696.635599
696.579531
696.432704
696.489239
696.046084
696.391612
697.170172
696.298145
696.313329
696.376886
696.336484
696.637276
696.768069
696.019228
696.905966
696.030403
696.437617
696.183093
696.059768
696.652887
696.258137
696.193146
696.371110
696.480782
696.298111
696.458061
696.334157
696.171389
696.276259
696.446971
696.262485
696.650856
696.667776
696.203950
696.515843
696.370836
696.215727
696.675312
696.586054
696.557015
696.929870
696.153918
693.462921
683.289042
682.885043
682.791711
683.442537
682.886705
688.182522
696.721002
696.551318
696.425711
696.219071
696.811176
696.588790
696.140348
696.284404
696.078745
696.462476
696.278091
696.399936
695.889089
696.375070
696.685855
696.235766
696.270284
696.616281
696.707577
696.546634
696.763449
696.065212
696.192354
696.621680
696.303587
696.756474
696.828717
696.373886
696.346751
696.642028
695.897866
696.842172
696.416599
695.998933
685.446954
683.311420
682.679542
683.600259
683.499020
683.578547
696.805792
695.813542
696.027740
696.717205
696.555432
692.641346
683.247584
682.518040
683.069717
683.254974
682.405172
688.988702
696.625627
696.063950
696.166069
696.444241
695.913668
696.743307
695.975944
695.695648
696.591165
696.352708
696.676289
696.674336
695.869538
696.142945
696.318465
696.258009
696.803055
696.466726
696.304696
696.792037
697.187190
696.690257
696.432111
696.465277
696.398440
696.653395
696.345036
696.101552
696.360829
696.036548
696.144864
696.422691
695.867226
696.029413
696.413636
696.166027
696.090988
696.226700
696.049283
696.529162
696.289348
696.037258
696.324083
696.163175
696.244023
690.001383
683.428236
682.911863
683.358211
683.142562
682.665571
691.525985
696.309955
696.136731
696.333141
696.670834
696.181672
696.672421
696.313723
696.089852
696.975637
696.368441
696.199175
696.757791
696.358226
696.537667
696.974574
696.848562
696.748857
696.128498
695.851208
696.479435
696.712345
696.325145
696.399780
696.587334
695.725174
696.472423
696.291562
696.457370
696.421619
696.299016
696.645519
696.349185
696.481725
696.390965
696.612834
696.041837
696.421322
696.466594
696.187820
696.560212
696.988581
696.237520
696.318265
696.644868
696.395863
696.612714
696.595374
695.675980
696.238692
696.365730
696.229968
696.621739
696.554108
696.347505
696.535668
696.169830
696.637961
696.483036
696.346846
696.465504
696.667816
696.357542
696.615109
696.399391
695.949710
696.448327
696.472177
696.957722
696.672534
696.350567
696.145333
696.282909
696.437270
696.140841
696.822176
696.541696
696.085365
696.795988
696.441554
696.209214
696.903578
696.548055
695.901765
696.327754
696.240490
696.449800
696.531706
696.391555
696.720789
696.901646
696.309635
696.238112
696.108145
696.049842
696.497160
696.037541
696.235489
696.597409
696.111817
696.184813
696.287432
696.274386
696.331141
696.422250
695.962382
696.134523
696.530663
696.112076
696.498191
696.244940
696.286356
696.501233
696.432263
696.222321
696.108156
696.194982
696.240418
696.718217
696.567058
696.111332
697.131319
696.451488
696.261501
696.768672
696.815699
696.552224
696.284060
696.389288
696.466294
696.333487
696.173906
696.849513
696.376189
696.259229
696.822855
696.222083
696.022859
696.892898
696.543978
696.107180
696.644392
696.266514
695.805185
696.474727
696.171533
695.932588
696.514045
696.189839
696.604295
696.158183
696.199119
696.381861
695.772132
696.835173
696.691773
696.635372
696.054524
696.440728
696.347039
697.021817
