607
558
2672
548
2462
871
543
1503
1089
3756
1781
1142
467
444
1281
622
732
680
664
1493
599
496
2313
2472
712
958
2432
698
683
609
3498
591
1428
4660
512
2503
2349
649
598
533
747
1244
494
1978
537
707
366
626
1038
564
2122
782
406
639
554
1329
1612
1431
2276
1546
434
2017
3174
769
414
2649
3034
1114
2287
853
722
485
622
462
1183
2197
2675
798
810
1008
514
534
633
2389
613
580
914
697
768
1434
813
2355
2321
585
608
518
367
284
517
442
460
445
1417
3555
918
564
708
883
1416
673
787
615
728
407
455
874
748
819
2188
684
1535
2372
912
2289
569
1203
2546
499
558
1318
828
822
764
2383
790
2376
2460
763
501
1203
799
519
1324
673
510
703
2331
635
1215
1293
1561
2556
607
1437
642
2119
2044
711
647
1686
525
630
1520
1390
1357
607
1609
502
1462
529
538
1557
626
1476
477
1520
488
2102
658
1338
2419
609
1314
1390
504
509
1390
1220
862
1410
1554
801
2602
2474
1543
1245
651
2504
1373
1475
606
2124
781
1233
1669
1348
426
2191
1298
2563
575
479
693
364
1343
855
1047
1305
892
1223
1781
1646
2681
836
1403
464
2356
2814
1599
475
787
1524
514
804
1749
514
558
838
678
637
2455
648
444
540
518
1337
566
1441
708
803
1852
676
1574
597
2229
1382
2134
661
408
505
2303
1661
507
2988
1487
499
2105
1555
476
632
446
784
694
453
585
2544
1449
540
459
1333
761
2228
638
2622
608
1217
2413
1804
713
1558
630
488
1748
579
830
1061
2420
929
666
714
1189
2329
580
648
1547
2307
672
586
2422
1725
490
1420
420
788
681
1328
1390
1157
2061
2129
483
821
965
1315
774
1199
2363
1716
1195
799
1341
2243
493
1195
2298
605
661
2436
1391
1712
618
642
2386
2387
1213
862
1333
1286
460
2468
609
561
2083
630
1463
1248
473
679
612
653
715
791
433
818
540
632
1314
2477
1297
1235
1526
758
804
718
812
1425
1740
2010
401
342
651
2317
791
568
726
750
2218
499
1661
330
552
582
574
1301
521
529
597
757
648
1144
1530
2304
891
446
581
1420
2144
1473
1288
578
1449
729
1227
625
3497
2348
1194
1295
569
2553
2365
704
643
681
3519
676
1373
2291
2440
2477
476
497
534
2610
1314
2452
574
608
717
1561
2833
2001
811
543
550
509
1227
791
500
2462
1728
564
654
1168
2124
490
1616
2401
744
1724
619
1487
494
505
490
2557
2557
607
749
2795
2429
782
1503
672
1352
886
370
1223
1677
2515
889
1628
1575
2293
2122
844
515
584
576
1570
568
1388
1058
2390
2118
814
706
825
589
709
1245
497
2683
682
518
1606
2300
1333
465
1236
691
354
2139
708
815
1467
2388
491
743
712
742
627
691
711
1222
523
269
1335
492
2205
624
526
970
641
1377
1981
589
1493
2320
1899
665
658
584
1811
2471
2217
793
556
354
399
348
674
2342
2448
2109
1798
499
766
582
2508
579
591
1461
613
1380
754
697
1299
1524
822
1297
634
2561
759
649
653
646
1878
2923
769
1623
2217
573
518
1235
853
1228
2409
3478
2303
486
1439
554
2257
2274
838
1306
1090
1309
382
618
496
1094
1288
458
1166
619
1483
532
871
840
1067
581
719
798
563
492
805
793
2380
2022
1687
992
1435
727
1465
833
1224
1376
508
1688
1595
1499
1123
2433
2374
1200
1221
1604
778
503
660
606
2328
954
1370
1464
399
1276
815
635
739
425
901
2518
864
543
525
439
860
821
2533
741
506
761
2067
2482
2353
755
635
502
2610
797
778
558
488
2055
2659
773
472
731
3060
2401
955
1475
504
1611
2423
754
442
454
1475
2535
2299
637
519
1433
584
2676
755
660
1281
382
524
1189
2602
584
1480
423
2666
2732
2398
467
444
523
327
883
2491
788
761
607
1594
1697
1510
2514
695
1324
2274
2776
1550
2596
1245
2040
367
529
1610
2380
720
1266
642
407
1249
2163
464
2042
659
1364
2217
2696
2536
1957
1360
2241
539
517
478
526
1553
380
2386
1354
2501
2250
2023
660
488
2197
622
711
605
1402
2194
846
1421
385
585
696
1347
2418
488
792
575
1263
1253
566
1644
594
464
867
608
638
1627
1393
2400
2181
631
1539
1276
2170
753
708
479
603
1429
754
515
2220
472
3543
2492
2416
719
621
351
1522
250
1111
749
493
1588
630
1412
1495
1392
541
780
1976
891
3446
737
1692
854
2224
1081
705
541
1368
2158
2053
1381
2247
2385
2545
2645
1289
1477
2337
796
1380
1743
1085
2527
826
736
385
698
2532
1527
2623
816
980
2152
2013
885
444
534
1279
2323
2651
2290
487
1599
2485
521
503
1281
540
626
681
2335
666
570
640
970
572
720
500
1152
500
1282
3512
606
597
529
595
622
568
3453
451
693
484
2440
749
637
1137
2455
753
552
640
679
1337
2655
1269
604
1129
585
687
2168
2531
747
731
612
1313
2619
1538
735
609
604
1014
458
381
591
501
1823
2203
1463
687
811
689
1174
2596
2221
2246
863
783
638
1375
979
616
781
616
625
461
2375
1770
485
789
2550
1896
684
515
372
450
1269
1238
1197
3551
801
1450
688
2703
1512
498
1499
773
1537
2413
2473
817
505
655
748
851
2633
928
796
2236
635
533
539
444
770
700
508
868
632
1587
786
1315
2320
