3472
3164
288879
3090
924
1305
196379
3883
104328
2262
267712
1232
6361
321881
7339
415485
135600
216749
1086
879
1043
242273
3459
2998
834
22
926
95390
92210
487670
303034
1911
220156
1148
490613
161067
204760
4247
251242
5796
232606
298678
163919
2802
1319
277108
4964
4339
232432
234190
5334
4084
4364
249298
141735
4716
271822
281294
631434
5629
4497
195184
315443
4395
962
203166
143714
4576
93277
807
244783
211027
211096
94090
89
884
5505
90594
4800
138961
184279
5785
110276
102002
104
1155
4444
3909
953
704
169651
497189
71546
189187
39
1137
73738
88017
892
811
3352
791
875
850
5174
95911
1987
88862
809
913
964
434189
4954
397212
5865
4698
69
90908
88
852
379579
4583
1031
4798
92729
1226
549522
239003
5733
4028
89440
939
1034
133421
2174
2154
1963
861
4609
169716
466812
4753
94517
810
947
197547
4482
91198
1079
199382
4811
141558
4274
71120
3114
742
4612
323266
60583
904
4865
461156
2906
95295
104660
828
854
225512
77663
78247
91733
90734
96172
99551
35
868
159599
345380
72470
85
1224
1166
1044
4083
4222
2933
789
976
886
164887
5851
267032
69569
86936
1412
93183
878
860
1432
4741
4932
4709
91811
1651
93953
87073
2980
1423
1584
262826
4242
4266
4489
91293
837
168503
170540
294287
74510
2710
2018
862
785
5229
4484
1892
1935
866
861
774
4590
892
229997
93915
1957
771
4552
183993
358013
153645
88651
86109
72458
743
854
72841
1704
1053
177978
243307
169226
72616
2176
4829
4289
4568
269140
141850
4432
2129
92275
4492
383199
97032
938
1255
2931
1508
1188
936
235165
389979
365928
138425
4950
4507
4855
70
476857
851
397181
6735
179365
90714
839
1498
168132
2012
402308
2079
91708
851
737
188401
5169
4406
4663
198397
4726
196958
82058
4297
90279
816
1085
794
417504
326010
166179
2136
2196
2864
1278
797
831
228984
77512
75995
93254
83217
851
191901
4765
89801
961
1220
90887
834
1022
6680
141051
4410
72586
843
82
1031
956
844
5714
4726
3255
1953
850
170124
6376
4537
1966
1112
1125
863
789
6370
4412
137762
72830
4542
4119
89450
98718
116739
94711
88578
912
1272
6176
4159
89313
2486
815
135562
4516
89822
2039
217717
4399
1135
4565
4367
4077
2261
1719
90174
795
786
89103
1259
258262
227390
5555
300583
2702
4278
93083
4453
93046
2862
107
791
832
4790
264179
4421
90204
971
141794
5018
92006
2865
94152
136186
327701
769
93653
770
1258
135011
932
580
782
5066
4042
2695
4233
4484
896
141666
262817
19784
1935
1157
174005
238327
418858
4920
88949
55404
863
4411
2691
203265
907
1406
894
4836
172318
2031
4240
3005
886
1450
199462
2731
808
824
1428
139013
90904
92951
795
1407
73109
85
25
1092
4454
916
806
1244
4229
37
820
1214
1354
72153
2168
2754
852
203789
3291
554
823
4141
170093
4678
139502
1915
2200
373886
148291
874
507796
803
761
1232
4595
190085
4987
252128
3051
2562
115207
5462
4587
334203
4478
85697
95115
76043
823
924
309215
274363
91422
1980
69935
2995
5185
816
847
846
1135
827
1445
6885
4751
4540
1878
93431
94217
1183
663
286925
4275
4384
35
4611
367275
373525
859
4780
321518
4140
4284
93002
318974
202834
269200
93837
888
5978
892
876
4828
174386
4447
240579
73390
92607
1447
728
142587
284482
4560
1925
943
4646
309428
5195
90234
197374
4240
4422
3834
76
1618
1861
846
4472
265943
91367
738
329844
219004
444945
2023
2258
92773
301559
890
771
61214
94885
80
1230
4335
172168
2108
819
141237
4570
4506
521283
429757
174661
94069
3352
829
132577
361903
3134
824
73578
1835
805
5611
3982
93315
91410
881
1015
223537
166730
363479
4764
94593
996
506209
2348
91614
991
1112
4321
88949
1975
979
867
1345
4785
4131
1968
137697
4285
59880
4711
142174
169567
4746
4471
4096
91187
866
899
4419
4365
828
308907
841
851
4480
5600
4345
2402
4111
4409
263773
2323
93760
95832
1238
1056
94378
1867
137787
4615
92835
3297
1690
2277
852
3578
3419
96284
88405
913
372652
153037
421710
91723
2451
134867
4680
70390
101775
24
819
1204
4665
2601
39
838
233774
2608
91465
830
139167
171138
74266
2347
903
257181
901
6108
4869
4520
4387
4084
2268
2510
1697
266438
3106
1920
2311
1054
4532
140405
1935
91863
1961
1267
4360
2805
3169
645
26
4328
90272
941
4324
204338
4535
92241
846
361586
140183
4721
92585
95501
1203
2609
812
833
4976
4453
63842
835
79
21
1175
4714
4429
73081
1163
88747
2266
2221
4666
4192
90881
1072
233075
348521
5891
181258
186913
152426
73132
71326
2173
2355
791
885
1472
175613
203539
4707
2208
721
318006
2446
93201
842
4965
278971
271330
87944
884
4753
4783
4888
4601
142974
2274
1411
6008
89806
90961
1016
325513
4585
1305
3858
4432
138834
78617
78904
74790
1915
781
919
1294
147791
77396
74318
1966
2425
91720
169260
93993
95717
94671
21
832
836
226839
89018
86479
897
4626
194411
142159
1962
750
1174
790
6878
287676
4823
69
93319
92020
1231
369778
4328
91566
678
766
1045
4642
25
91001
893
1270
4039
5048
4492
4397
4673
451388
549826
4534
93067
2603
143792
2399
4509
4286
207005
235263
89608
66148
3306
4122
5769
135265
2871
826
2745
227300
5070
6342
4396
74051
82299
945
156161
78080
1312
144532
4817
91156
90678
1040
941
4355
5003
163602
2883
2398
777
231271
910
736
914
937
5870
69129
2541
22
4225
4478
73718
5040
88689
971
931
577485
301953
5178
4548
146591
94000
70155
101970
74851
834
958
6134
4529
76358
86667
2373
913
79271
75834
92897
872
859
4400
4379
93579
1836
1040
4163
4120
2682
762
927
909
4329
135172
91354
818
1075
1123
265233
6270
4364
2216
1120
199165
4948
2923
1631
83307
931
4517
784
749
1130
4501
227486
71133
90005
1408
1141
174385
2176
1133
833
174015
610363
4348
4348
182570
89860
713
261355
4971
4129
