2354
1396
2531
2579
2328
1099
1114
2421
2514
24487
2188
2522
2407
2484
815
2807
821
2928
972
2477
2601
2477
817
1087
787
2626
2519
24037
2547
774
866
16980
2256
896
872
3753
783
1215
2573
2606
2505
830
917
785
818
790
554
2221
2308
794
648
2342
2332
2293
927
774
2655
2382
1082
763
1147
2770
3039
2666
2292
814
772
840
787
749
820
2464
2511
1691
4486
2516
862
888
781
894
934
2890
2632
852
931
2541
2888
2378
737
952
2342
2623
884
792
792
695
2297
2492
1059
979
737
910
854
3906
769
2364
2630
2444
742
849
13732
996
2143
1083
13783
886
2446
1299
848
2292
1087
801
1287
2615
1114
927
885
1131
1142
840
2638
2375
1001
862
2179
2421
16315
932
949
760
894
2204
2757
803
854
840
778
528
2706
15111
1218
2717
2787
2239
2375
1078
2342
805
2501
2295
1091
802
25589
2529
973
884
1069
857
2698
2444
862
2528
2302
2236
2303
894
1026
2668
2458
899
856
785
4441
2570
2782
2356
2601
886
767
2439
2197
2354
2513
935
789
2713
2212
2563
2658
905
825
880
2523
964
2717
2713
2504
1029
15968
2290
2519
810
815
748
2313
2424
3530
778
2724
2533
2727
2840
2611
840
1145
2556
2524
2423
771
686
1167
2381
2151
720
2172
2375
885
802
669
912
31802
2611
2824
2576
2779
26442
2832
888
2500
2563
2379
1108
2447
2398
938
859
824
881
754
2538
16561
873
763
580
2470
2325
2663
2458
2465
2365
2381
2679
824
1287
15443
2544
811
738
2485
828
681
2547
2557
751
1097
2318
2191
883
885
1669
833
2821
1208
2358
15946
943
2650
16912
2342
897
914
781
2785
1179
2585
7778
750
1075
2595
2626
2605
2465
1237
2733
2562
2660
844
752
2509
748
875
834
2766
18121
2113
2336
781
2557
2473
2551
775
1121
2305
779
1093
953
16216
956
2773
1173
761
2720
3164
2732
2481
16277
773
690
2343
1074
2841
2532
945
905
966
913
833
2727
1188
776
903
2242
2380
2735
2612
839
1070
2275
2595
2706
2380
23850
2579
4138
2353
2823
2515
23312
783
910
803
824
935
2713
18941
2505
2285
869
1047
1123
2357
2603
993
2759
2265
922
779
2574
2745
508
2447
2732
16225
2554
2432
933
833
2316
2433
2356
906
2730
2030
1006
901
896
832
2845
2543
2597
845
912
884
2358
2146
2254
2415
837
782
816
930
1533
2450
2531
770
854
803
1058
2534
2570
2529
2705
2301
1248
943
22260
855
2706
15508
908
761
860
2473
1268
2287
863
15132
2388
2313
1001
2604
815
1754
968
2562
2570
932
864
1099
15343
1168
2708
2252
2463
2309
25061
847
2781
2330
2423
815
793
936
566
2494
895
901
931
751
840
17495
947
2359
2284
2429
2244
1094
17313
846
993
781
2620
2620
2299
1134
852
820
1118
597
2292
2086
2341
2363
857
2800
2580
2776
28874
1091
1538
2499
2552
2442
2711
1370
783
2651
2411
2525
821
968
2512
2207
16047
709
3325
2755
2253
2352
860
2659
810
2484
2622
856
19058
2306
2534
2447
2343
1084
1198
2354
2497
2171
801
16355
1361
2581
1195
2481
2167
867
1034
816
2521
2533
2504
2543
2175
1114
887
1103
2656
2620
792
763
841
2526
1155
2510
2269
1193
1081
2631
2370
2509
2647
889
778
766
823
897
946
2397
913
2692
2272
786
1093
862
841
1405
2639
2543
1086
2244
735
801
1010
2509
1095
2555
917
1263
825
2440
2750
1084
804
966
928
2529
803
1658
1198
2341
2587
2424
2387
2326
2418
820
775
813
867
2590
2692
2716
2181
2510
976
445
2354
787
2187
2171
3284
16464
2509
2544
849
1035
859
1128
816
1070
847
2381
1002
2754
815
864
2708
2281
2328
16432
2608
2367
2383
2504
903
817
1107
991
3473
2754
822
2455
868
885
2620
2673
2543
955
703
1027
850
1722
2443
1337
2659
2441
2561
777
1087
701
2349
2317
2371
2674
1193
2683
2630
2374
915
2832
2571
2571
2629
2421
865
856
2693
777
2312
975
830
835
777
2623
2778
15551
773
2501
2627
1113
948
2758
2316
899
2661
2380
2804
2437
918
3911
14334
1161
2553
761
2882
2916
2485
2299
770
892
1593
2413
761
2498
2627
2658
1616
2216
2754
977
744
1062
800
2730
2427
2812
2725
792
1152
783
1036
610
2277
801
760
2337
2543
837
1180
2588
2586
923
820
915
2517
2694
2163
15154
2338
2656
899
795
2412
1225
770
1092
777
2406
2467
2729
691
1093
931
608
4076
25520
996
2600
2458
895
470
2502
1502
3259
2375
2591
2624
1133
24602
2594
2514
2345
858
2474
2528
796
940
1119
859
2616
3367
2469
16233
2561
799
2542
824
819
1459
2370
2569
2434
885
2353
2483
825
835
2575
2640
956
3386
2549
2289
1116
803
2675
2401
808
736
2436
556
2325
2635
770
1070
785
2318
2353
2420
1100
887
812
808
738
2489
1462
2619
16326
2495
2491
882
927
2451
2653
1176
2626
923
1244
2585
2283
24391
898
2471
1037
876
2389
2185
2191
2332
796
909
793
2406
2625
2216
2373
795
770
786
1024
832
2292
2120
980
2483
2330
2262
18273
2456
2409
2320
811
849
902
2440
2324
2269
2372
1078
836
2307
13917
763
2728
2452
788
770
927
2456
1132
873
954
2689
2739
2711
2373
16301
2401
2214
767
814
2015
847
763
922
941
903
738
894
2418
2869
17460
986
865
4278
1097
771
2385
2519
2287
2462
2482
2579
2516
916
18704
2506
2689
2422
1082
2382
863
858
2344
781
801
1096
2380
886
2424
2634
2374
840
776
783
886
2525
2302
789
960
839
4273
2544
