4715
1296
1393
1192
185387
131144
184
176
794
431362
1277
86102
869
119
189
131
4810
1148
923
99472
39719
133
462395
463758
294664
975
135
758
91791
138
1104
900
90530
88005
68500
121
814
180
120
119
2358
838
118
3544
97730
862
971
119
771
1982
187703
5574
2391
310
39941
1006
90217
181
40732
323565
91053
141
189
379229
98192
1209
69923
805
119
2168
2334
131
4629
158
61058
16421
68327
2465
181
745
832
141790
5201
1153
135
92384
1400
40518
5360
93089
89490
1249
69461
159525
5054
907
818
1653
1475
2413
176
268162
856
1406
71544
177
865
797
40937
106580
93576
4957
764
89594
166
183
196
770
3063
196461
106542
172437
158806
1091
2637
156610
168
98626
4740
4479
87393
133
88126
90538
41605
987
87150
93749
613
92348
822
183957
133
205
138765
1626
325885
781
782
89576
778
1024
163
90261
120
187
40201
1765
90253
325804
896
89246
41073
43002
92285
894
1124
125310
801
161474
5243
70908
119
88671
73
209908
182
796
4713
62836
123
1587
72943
206
108845
158122
243581
44370
1195
72985
90245
991
91075
89364
417759
348347
1089
171
84735
121
910
148
99990
137
91550
971
1263
894
26693
4674
1703
114
95349
98076
122
160
196
180300
452322
1291
73031
70560
88793
90594
154066
134783
1018
70989
39290
222352
956
88686
86695
123
179
107666
5113
1355
91320
812
171
654
3068
181
97637
96051
78202
77393
91500
91005
175
2730
149
71937
1048
94330
780
150
129155
92440
89353
169108
36800
87244
92894
70825
482990
189
72532
90480
90298
181
198652
164
86441
123
1444
90021
2239
5169
141
4760
1247
69326
90778
85023
2338
808
828
88325
196
152
313451
916
775
89713
3842
2484
88769
142
237
89596
2025
5371
1125
84840
88313
190
70812
163149
167
118
118
1272
98804
136
877
870
73091
88
123
792
189980
993
70497
290613
1067
910
70387
104270
2286
28101
10185
818
99102
194175
1220
924
1442
101821
1232
5572
898
52989
1398
95093
6596
760
73896
74481
831
2673
254682
174
72755
122
618
1540
188
129
129
67892
344673
953
4663
1279
95353
1214
2293
5386
992
912
848
3187
930
103255
773
4636
1424
1014
92507
167915
999
323288
4919
891
119
89972
118
89185
183
192763
1243
1041
811
1161
902
84506
92136
2709
268833
73850
200762
5201
88074
2689
168368
351
93186
2357
89903
2537
70457
139
4853
802
88667
39558
134
187
864
88986
80736
179
1383
85735
996
811
90513
69245
42320
81467
932
114
1445
44512
774
88809
216384
5725
892
71724
5107
1142
974
120
114131
222572
178
93988
188693
380959
125893
1110
74808
73815
92000
1467
257209
5446
70596
953
5064
97359
94236
853
94036
89538
246015
196
295099
1227
169
118
115
87782
1164
72369
1494
290807
43188
233
164248
4940
839
1021
107695
949
181
71116
171
85910
90947
92906
136108
4823
1542
629
120
748
88595
124949
4842
84207
69594
90650
136
131
961
43408
5631
234638
5258
1482
3628
76048
77006
896
4875
999
70918
255
76310
5312
917
928
176
92853
1230
802
98747
718
42149
137283
5331
1488
868
194
861
805
2040
154
139
328623
304272
1169
1180
940
89641
178
89263
810
174
122
3176
72915
167
911
961
231558
1272
1589
90015
100595
1748
90300
117
5319
4609
93288
138
175
130
1183
115
90470
88304
249687
179
5638
1170
164
73090
2906
2746
158024
798
459676
59230
105655
167
92580
90917
229465
1287
70064
983
967
1531
982
810
87842
95893
181
320372
4493
898
118
71922
172955
89118
88393
2445
3484
39768
184
69697
122
2047
111265
108118
4776
866
1537
648
92905
96015
141
763
1029
93832
2204
2365
162
120
615
91880
892
152
722
1443
108057
124
44987
864
130
4749
88553
75248
888
4969
818
716
93661
126
184
1560
1157
1348
90871
180
959
1194
958
66172
1005
213
189
121
73989
159
73615
166
132231
1538
1144
115
72222
90114
92126
42807
1019
859
171
168
237
92415
958
1882
196
118
3433
161080
366733
1193
70931
125
36167
1315
70672
89522
202
939
825
4571
970
86866
91741
77661
169657
82363
1897
89603
92973
86903
93911
177
183252
63389
826
1178
119
602
844
97158
117
1988
87976
1247
828
123
4548
1134
4867
124
1597
97758
90891
25078
4053
175
121
90519
746
180
995
1034
170
90342
95928
64097
135306
44470
225373
71491
96634
91727
836
160054
369253
5888
90214
1405
1493
681
92444
70507
1174
70313
187
2380
871
1469
2192
2639
131
130393
197617
179
918
70755
94778
87664
185
5476
69765
3382
88475
892
1175
1516
114
90073
2568
42486
69409
90832
95293
91224
428195
86527
795
90564
179
178
4734
832
118
1906
2213
132
176
72008
110893
883
4871
868
1206
1520
139
129
132
117
1960
165268
1030
5311
115
475
94246
94669
133033
44682
1051
1122
1260
116
115
90627
3595
139594
1173
172
115
125
183
188796
75218
882
69551
130
87698
215
4587
73505
165
1408
2494
185
236131
129
860
123
466136
160896
5427
4636
119
799
1519
205961
264370
192
6704
1450
91654
75149
76279
134
190
850
861
98069
91372
184
270256
197
120
24521
728
158
263803
141539
84381
119
93004
232813
949
6430
904
94547
774
88664
93307
93155
100825
114536
234
92518
81921
91015
171
803
91906
119
2221
88611
252313
1122
1369
89778
116
746
3839
1093
87364
626
176
132
165793
180
177
1387
49566
228422
66138
94007
119
1039
179
127
897
1060
2908
2025
809
4587
923
869
67368
92763
3343
180
128
127
186
303093
360570
1447
2691
93170
2200
3313
2153
44651
45656
1126
112
1116
91611
153
183
959
1011
118
2181
3361
79265
336862
834
889
75148
226
89898
807
5022
888
1205
15643
134
130
136
135
4514
1244
762
141
130
175650
5020
